# Gnuplot File : forces of 1 particle(s) Monitored
# 1st Column : time, others : particle(s) number 1 
0.01	0 0 -4.905	
0.02	0 0 -4.79709	
0.03	0 0 -4.68174	
0.04	0 0 -4.55934	
0.05	0 0 -4.43027	
0.06	0 0 -4.29492	
0.07	0 0 -4.15368	
0.08	0 0 -4.00696	
0.09	0 0 -3.85517	
0.1	0 0 -3.69869	
0.11	0 0 -3.53795	
0.12	0 0 -3.37335	
0.13	0 0 -3.2053	
0.14	0 0 -3.03419	
0.15	0 0 -2.86044	
0.16	0 0 -2.68445	
0.17	0 0 -2.5066	
0.18	0 0 -2.3273	
0.19	0 0 -2.14693	
0.2	0 0 -1.96587	
0.21	0 0 -1.7845	
0.22	0 0 -1.60319	
0.23	0 0 -1.4223	
0.24	0 0 -1.24219	
0.25	0 0 -1.06319	
0.26	0 0 -0.885642	
0.27	0 0 -0.709877	
0.28	0 0 -0.536207	
0.29	0 0 -0.364938	
0.3	0 0 -0.196365	
0.31	0 0 -0.03077	
0.32	0 0 0.131574	
0.33	0 0 0.290408	
0.34	0 0 0.445485	
0.35	0 0 0.596569	
0.36	0 0 0.743439	
0.37	0 0 0.885884	
0.38	0 0 1.02371	
0.39	0 0 1.15673	
0.4	0 0 1.28478	
0.41	0 0 1.40769	
0.42	0 0 1.52533	
0.43	0 0 1.63757	
0.44	0 0 1.74429	
0.45	0 0 1.84539	
0.46	0 0 1.94077	
0.47	0 0 2.03037	
0.48	0 0 2.11411	
0.49	0 0 2.19195	
0.5	0 0 2.26384	
0.51	0 0 2.32978	
0.52	0 0 2.38973	
0.53	0 0 2.4437	
0.54	0 0 2.49171	
0.55	0 0 2.53378	
0.56	0 0 2.56993	
0.57	0 0 2.60023	
0.58	0 0 2.62471	
0.59	0 0 2.64346	
0.6	0 0 2.65655	
0.61	0 0 2.66406	
0.62	0 0 2.66609	
0.63	0 0 2.66275	
0.64	0 0 2.65415	
0.65	0 0 2.64042	
0.66	0 0 2.62168	
0.67	0 0 2.59807	
0.68	0 0 2.56973	
0.69	0 0 2.53682	
0.7	0 0 2.4995	
0.71	0 0 2.45793	
0.72	0 0 2.41227	
0.73	0 0 2.3627	
0.74	0 0 2.30939	
0.75	0 0 2.25254	
0.76	0 0 2.19231	
0.77	0 0 2.12891	
0.78	0 0 2.06251	
0.79	0 0 1.99332	
0.8	0 0 1.92153	
0.81	0 0 1.84732	
0.82	0 0 1.77091	
0.83	0 0 1.69248	
0.84	0 0 1.61224	
0.85	0 0 1.53038	
0.86	0 0 1.44709	
0.87	0 0 1.36258	
0.88	0 0 1.27703	
0.89	0 0 1.19064	
0.9	0 0 1.10359	
0.91	0 0 1.01608	
0.92	0 0 0.928287	
0.93	0 0 0.840393	
0.94	0 0 0.752575	
0.95	0 0 0.665009	
0.96	0 0 0.577864	
0.97	0 0 0.491306	
0.98	0 0 0.405497	
0.99	0 0 0.320593	
1	0 0 0.236746	
1.01	0 0 0.154103	
1.02	0 0 0.0728036	
1.03	0 0 -0.00701505	
1.04	0 0 -0.0852233	
1.05	0 0 -0.161697	
1.06	0 0 -0.236318	
1.07	0 0 -0.308973	
1.08	0 0 -0.379558	
1.09	0 0 -0.447972	
1.1	0 0 -0.514121	
1.11	0 0 -0.57792	
1.12	0 0 -0.639286	
1.13	0 0 -0.698147	
1.14	0 0 -0.754434	
1.15	0 0 -0.808086	
1.16	0 0 -0.85905	
1.17	0 0 -0.907276	
1.18	0 0 -0.952723	
1.19	0 0 -0.995355	
1.2	0 0 -1.03514	
1.21	0 0 -1.07207	
1.22	0 0 -1.10611	
1.23	0 0 -1.13726	
1.24	0 0 -1.16551	
1.25	0 0 -1.19086	
1.26	0 0 -1.21332	
1.27	0 0 -1.23291	
1.28	0 0 -1.24965	
1.29	0 0 -1.26354	
1.3	0 0 -1.27464	
1.31	0 0 -1.28296	
1.32	0 0 -1.28855	
1.33	0 0 -1.29145	
1.34	0 0 -1.29171	
1.35	0 0 -1.28938	
1.36	0 0 -1.28452	
1.37	0 0 -1.27718	
1.38	0 0 -1.26744	
1.39	0 0 -1.25536	
1.4	0 0 -1.24101	
1.41	0 0 -1.22447	
1.42	0 0 -1.2058	
1.43	0 0 -1.1851	
1.44	0 0 -1.16244	
1.45	0 0 -1.13791	
1.46	0 0 -1.1116	
1.47	0 0 -1.08359	
1.48	0 0 -1.05397	
1.49	0 0 -1.02284	
1.5	0 0 -0.990278	
1.51	0 0 -0.956392	
1.52	0 0 -0.92127	
1.53	0 0 -0.885009	
1.54	0 0 -0.847702	
1.55	0 0 -0.809447	
1.56	0 0 -0.770337	
1.57	0 0 -0.730469	
1.58	0 0 -0.689938	
1.59	0 0 -0.648837	
1.6	0 0 -0.607261	
1.61	0 0 -0.565301	
1.62	0 0 -0.523051	
1.63	0 0 -0.480599	
1.64	0 0 -0.438035	
1.65	0 0 -0.395446	
1.66	0 0 -0.352918	
1.67	0 0 -0.310535	
1.68	0 0 -0.268378	
1.69	0 0 -0.226528	
1.7	0 0 -0.185062	
1.71	0 0 -0.144054	
1.72	0 0 -0.103579	
1.73	0 0 -0.0637066	
1.74	0 0 -0.024504	
1.75	0 0 0.0139637	
1.76	0 0 0.051634	
1.77	0 0 0.0884477	
1.78	0 0 0.124348	
1.79	0 0 0.159282	
1.8	0 0 0.193199	
1.81	0 0 0.22605	
1.82	0 0 0.257793	
1.83	0 0 0.288385	
1.84	0 0 0.317789	
1.85	0 0 0.345969	
1.86	0 0 0.372894	
1.87	0 0 0.398534	
1.88	0 0 0.422864	
1.89	0 0 0.445862	
1.9	0 0 0.467508	
1.91	0 0 0.487787	
1.92	0 0 0.506684	
1.93	0 0 0.52419	
1.94	0 0 0.540297	
1.95	0 0 0.555002	
1.96	0 0 0.568302	
1.97	0 0 0.5802	
1.98	0 0 0.5907	
1.99	0 0 0.599808	
2	0 0 0.607534	
2.01	0 0 0.613891	
2.02	0 0 0.618893	
2.03	0 0 0.622557	
2.04	0 0 0.624903	
2.05	0 0 0.625952	
2.06	0 0 0.625728	
2.07	0 0 0.624257	
2.08	0 0 0.621567	
2.09	0 0 0.617688	
2.1	0 0 0.612651	
2.11	0 0 0.606489	
2.12	0 0 0.599238	
2.13	0 0 0.590933	
2.14	0 0 0.581612	
2.15	0 0 0.571315	
2.16	0 0 0.56008	
2.17	0 0 0.547951	
2.18	0 0 0.534968	
2.19	0 0 0.521175	
2.2	0 0 0.506615	
2.21	0 0 0.491333	
2.22	0 0 0.475375	
2.23	0 0 0.458784	
2.24	0 0 0.441608	
2.25	0 0 0.423892	
2.26	0 0 0.405683	
2.27	0 0 0.387027	
2.28	0 0 0.367969	
2.29	0 0 0.348557	
2.3	0 0 0.328836	
2.31	0 0 0.308852	
2.32	0 0 0.28865	
2.33	0 0 0.268274	
2.34	0 0 0.247769	
2.35	0 0 0.227179	
2.36	0 0 0.206547	
2.37	0 0 0.185914	
2.38	0 0 0.165322	
2.39	0 0 0.144811	
2.4	0 0 0.12442	
2.41	0 0 0.104189	
2.42	0 0 0.0841537	
2.43	0 0 0.0643509	
2.44	0 0 0.0448154	
2.45	0 0 0.0255811	
2.46	0 0 0.00668028	
2.47	0 0 -0.0118559	
2.48	0 0 -0.0299976	
2.49	0 0 -0.0477165	
2.5	0 0 -0.0649856	
2.51	0 0 -0.0817794	
2.52	0 0 -0.0980737	
2.53	0 0 -0.113846	
2.54	0 0 -0.129075	
2.55	0 0 -0.143741	
2.56	0 0 -0.157827	
2.57	0 0 -0.171315	
2.58	0 0 -0.184191	
2.59	0 0 -0.196441	
2.6	0 0 -0.208053	
2.61	0 0 -0.219017	
2.62	0 0 -0.229323	
2.63	0 0 -0.238965	
2.64	0 0 -0.247936	
2.65	0 0 -0.256231	
2.66	0 0 -0.263848	
2.67	0 0 -0.270786	
2.68	0 0 -0.277042	
2.69	0 0 -0.28262	
2.7	0 0 -0.287521	
2.71	0 0 -0.291749	
2.72	0 0 -0.295308	
2.73	0 0 -0.298206	
2.74	0 0 -0.30045	
2.75	0 0 -0.302048	
2.76	0 0 -0.303009	
2.77	0 0 -0.303346	
2.78	0 0 -0.303069	
2.79	0 0 -0.302191	
2.8	0 0 -0.300727	
2.81	0 0 -0.29869	
2.82	0 0 -0.296097	
2.83	0 0 -0.292964	
2.84	0 0 -0.289307	
2.85	0 0 -0.285144	
2.86	0 0 -0.280495	
2.87	0 0 -0.275378	
2.88	0 0 -0.269812	
2.89	0 0 -0.263818	
2.9	0 0 -0.257416	
2.91	0 0 -0.250628	
2.92	0 0 -0.243474	
2.93	0 0 -0.235976	
2.94	0 0 -0.228156	
2.95	0 0 -0.220036	
2.96	0 0 -0.211638	
2.97	0 0 -0.202986	
2.98	0 0 -0.1941	
2.99	0 0 -0.185004	
3	0 0 -0.175719	
3.01	0 0 -0.166269	
3.02	0 0 -0.156676	
3.03	0 0 -0.14696	
3.04	0 0 -0.137146	
3.05	0 0 -0.127253	
3.06	0 0 -0.117304	
3.07	0 0 -0.107319	
3.08	0 0 -0.0973188	
3.09	0 0 -0.0873242	
3.1	0 0 -0.0773549	
3.11	0 0 -0.0674303	
3.12	0 0 -0.0575693	
3.13	0 0 -0.0477903	
3.14	0 0 -0.0381114	
3.15	0 0 -0.0285498	
3.16	0 0 -0.0191224	
3.17	0 0 -0.00984525	
3.18	0 0 -0.000733968	
3.19	0 0 0.00819656	
3.2	0 0 0.0169321	
3.21	0 0 0.025459	
3.22	0 0 0.0337645	
3.23	0 0 0.0418364	
3.24	0 0 0.0496631	
3.25	0 0 0.057234	
3.26	0 0 0.064539	
3.27	0 0 0.0715688	
3.28	0 0 0.0783149	
3.29	0 0 0.0847694	
3.3	0 0 0.0909253	
3.31	0 0 0.0967763	
3.32	0 0 0.102317	
3.33	0 0 0.107542	
3.34	0 0 0.112447	
3.35	0 0 0.117029	
3.36	0 0 0.121286	
3.37	0 0 0.125215	
3.38	0 0 0.128815	
3.39	0 0 0.132085	
3.4	0 0 0.135026	
3.41	0 0 0.137638	
3.42	0 0 0.139922	
3.43	0 0 0.141881	
3.44	0 0 0.143517	
3.45	0 0 0.144833	
3.46	0 0 0.145833	
3.47	0 0 0.146521	
3.48	0 0 0.146903	
3.49	0 0 0.146983	
3.5	0 0 0.146768	
3.51	0 0 0.146263	
3.52	0 0 0.145476	
3.53	0 0 0.144414	
3.54	0 0 0.143084	
3.55	0 0 0.141495	
3.56	0 0 0.139654	
3.57	0 0 0.137571	
3.58	0 0 0.135255	
3.59	0 0 0.132714	
3.6	0 0 0.129958	
3.61	0 0 0.126998	
3.62	0 0 0.123843	
3.63	0 0 0.120504	
3.64	0 0 0.11699	
3.65	0 0 0.113313	
3.66	0 0 0.109482	
3.67	0 0 0.105509	
3.68	0 0 0.101405	
3.69	0 0 0.0971795	
3.7	0 0 0.0928444	
3.71	0 0 0.0884104	
3.72	0 0 0.0838883	
3.73	0 0 0.0792888	
3.74	0 0 0.0746227	
3.75	0 0 0.0699007	
3.76	0 0 0.0651333	
3.77	0 0 0.060331	
3.78	0 0 0.0555041	
3.79	0 0 0.0506627	
3.8	0 0 0.0458169	
3.81	0 0 0.0409763	
3.82	0 0 0.0361506	
3.83	0 0 0.031349	
3.84	0 0 0.0265809	
3.85	0 0 0.0218549	
3.86	0 0 0.0171797	
3.87	0 0 0.0125637	
3.88	0 0 0.00801484	
3.89	0 0 0.00354095	
3.9	0 0 -0.000850536	
3.91	0 0 -0.0051525	
3.92	0 0 -0.00935811	
3.93	0 0 -0.0134609	
3.94	0 0 -0.0174547	
3.95	0 0 -0.0213337	
3.96	0 0 -0.0250925	
3.97	0 0 -0.0287259	
3.98	0 0 -0.0322292	
3.99	0 0 -0.035598	
4	0 0 -0.0388282	
4.01	0 0 -0.0419161	
4.02	0 0 -0.0448585	
4.03	0 0 -0.0476523	
4.04	0 0 -0.0502949	
4.05	0 0 -0.052784	
4.06	0 0 -0.0551178	
4.07	0 0 -0.0572947	
4.08	0 0 -0.0593135	
4.09	0 0 -0.0611733	
4.1	0 0 -0.0628735	
4.11	0 0 -0.064414	
4.12	0 0 -0.0657948	
4.13	0 0 -0.0670165	
4.14	0 0 -0.0680796	
4.15	0 0 -0.0689854	
4.16	0 0 -0.069735	
4.17	0 0 -0.0703302	
4.18	0 0 -0.0707728	
4.19	0 0 -0.0710651	
4.2	0 0 -0.0712093	
4.21	0 0 -0.0712083	
4.22	0 0 -0.0710648	
4.23	0 0 -0.0707821	
4.24	0 0 -0.0703635	
4.25	0 0 -0.0698126	
4.26	0 0 -0.069133	
4.27	0 0 -0.0683287	
4.28	0 0 -0.0674039	
4.29	0 0 -0.0663628	
4.3	0 0 -0.0652098	
4.31	0 0 -0.0639494	
4.32	0 0 -0.0625863	
4.33	0 0 -0.0611253	
4.34	0 0 -0.0595713	
4.35	0 0 -0.0579292	
4.36	0 0 -0.0562041	
4.37	0 0 -0.0544011	
4.38	0 0 -0.0525253	
4.39	0 0 -0.050582	
4.4	0 0 -0.0485764	
4.41	0 0 -0.0465138	
4.42	0 0 -0.0443994	
4.43	0 0 -0.0422385	
4.44	0 0 -0.0400363	
4.45	0 0 -0.0377981	
4.46	0 0 -0.0355291	
4.47	0 0 -0.0332344	
4.48	0 0 -0.0309191	
4.49	0 0 -0.0285883	
4.5	0 0 -0.0262469	
4.51	0 0 -0.0238998	
4.52	0 0 -0.0215519	
4.53	0 0 -0.0192079	
4.54	0 0 -0.0168723	
4.55	0 0 -0.0145497	
4.56	0 0 -0.0122444	
4.57	0 0 -0.00996077	
4.58	0 0 -0.00770288	
4.59	0 0 -0.00547473	
4.6	0 0 -0.0032802	
4.61	0 0 -0.001123	
4.62	0 0 0.000993298	
4.63	0 0 0.00306529	
4.64	0 0 0.00508971	
4.65	0 0 0.00706346	
4.66	0 0 0.00898361	
4.67	0 0 0.0108474	
4.68	0 0 0.0126522	
4.69	0 0 0.0143956	
4.7	0 0 0.0160754	
4.71	0 0 0.0176894	
4.72	0 0 0.0192357	
4.73	0 0 0.0207126	
4.74	0 0 0.0221186	
4.75	0 0 0.0234523	
4.76	0 0 0.0247123	
4.77	0 0 0.0258977	
4.78	0 0 0.0270076	
4.79	0 0 0.0280413	
4.8	0 0 0.0289983	
4.81	0 0 0.0298781	
4.82	0 0 0.0306806	
4.83	0 0 0.0314056	
4.84	0 0 0.0320534	
4.85	0 0 0.032624	
4.86	0 0 0.033118	
4.87	0 0 0.0335359	
4.88	0 0 0.0338784	
4.89	0 0 0.0341463	
4.9	0 0 0.0343405	
4.91	0 0 0.0344621	
4.92	0 0 0.0345124	
4.93	0 0 0.0344927	
4.94	0 0 0.0344043	
4.95	0 0 0.034249	
4.96	0 0 0.0340282	
4.97	0 0 0.0337438	
4.98	0 0 0.0333976	
4.99	0 0 0.0329915	
5	0 0 0.0325276	
5.01	0 0 0.0320079	
5.02	0 0 0.0314345	
5.03	0 0 0.0308098	
5.04	0 0 0.0301359	
5.05	0 0 0.0294153	
5.06	0 0 0.0286502	
5.07	0 0 0.0278431	
5.08	0 0 0.0269965	
5.09	0 0 0.0261128	
5.1	0 0 0.0251946	
5.11	0 0 0.0242444	
5.12	0 0 0.0232646	
5.13	0 0 0.0222579	
5.14	0 0 0.0212269	
5.15	0 0 0.020174	
5.16	0 0 0.0191018	
5.17	0 0 0.0180129	
5.18	0 0 0.0169097	
5.19	0 0 0.0157948	
5.2	0 0 0.0146705	
5.21	0 0 0.0135394	
5.22	0 0 0.0124039	
5.23	0 0 0.0112662	
5.24	0 0 0.0101288	
5.25	0 0 0.00899389	
5.26	0 0 0.00786367	
5.27	0 0 0.00674032	
5.28	0 0 0.00562597	
5.29	0 0 0.00452264	
5.3	0 0 0.00343234	
5.31	0 0 0.00235698	
5.32	0 0 0.00129842	
5.33	0 0 0.000258426	
5.34	0 0 -0.000761283	
5.35	0 0 -0.00175908	
5.36	0 0 -0.00273339	
5.37	0 0 -0.00368276	
5.38	0 0 -0.00460577	
5.39	0 0 -0.00550111	
5.4	0 0 -0.00636754	
5.41	0 0 -0.00720391	
5.42	0 0 -0.00800914	
5.43	0 0 -0.00878225	
5.44	0 0 -0.00952233	
5.45	0 0 -0.0102286	
5.46	0 0 -0.0109002	
5.47	0 0 -0.0115366	
5.48	0 0 -0.0121373	
5.49	0 0 -0.0127016	
5.5	0 0 -0.0132292	
5.51	0 0 -0.0137199	
5.52	0 0 -0.0141733	
5.53	0 0 -0.0145892	
5.54	0 0 -0.0149677	
5.55	0 0 -0.0153086	
5.56	0 0 -0.0156122	
5.57	0 0 -0.0158784	
5.58	0 0 -0.0161076	
5.59	0 0 -0.0162999	
5.6	0 0 -0.0164558	
5.61	0 0 -0.0165757	
5.62	0 0 -0.01666	
5.63	0 0 -0.0167093	
5.64	0 0 -0.0167242	
5.65	0 0 -0.0167054	
5.66	0 0 -0.0166535	
5.67	0 0 -0.0165694	
5.68	0 0 -0.0164538	
5.69	0 0 -0.0163076	
5.7	0 0 -0.0161317	
5.71	0 0 -0.0159271	
5.72	0 0 -0.0156947	
5.73	0 0 -0.0154356	
5.74	0 0 -0.0151508	
5.75	0 0 -0.0148414	
5.76	0 0 -0.0145084	
5.77	0 0 -0.0141532	
5.78	0 0 -0.0137767	
5.79	0 0 -0.0133802	
5.8	0 0 -0.0129649	
5.81	0 0 -0.0125319	
5.82	0 0 -0.0120826	
5.83	0 0 -0.011618	
5.84	0 0 -0.0111395	
5.85	0 0 -0.0106483	
5.86	0 0 -0.0101457	
5.87	0 0 -0.00963278	
5.88	0 0 -0.00911087	
5.89	0 0 -0.00858117	
5.9	0 0 -0.00804491	
5.91	0 0 -0.00750329	
5.92	0 0 -0.00695749	
5.93	0 0 -0.00640869	
5.94	0 0 -0.00585805	
5.95	0 0 -0.0053067	
5.96	0 0 -0.00475577	
5.97	0 0 -0.00420635	
5.98	0 0 -0.0036595	
5.99	0 0 -0.00311627	
6	0 0 -0.00257767	
6.01	0 0 -0.00204469	
6.02	0 0 -0.00151828	
6.03	0 0 -0.000999361	
6.04	0 0 -0.000488822	
6.05	0 0 1.24846e-05	
6.06	0 0 0.00050374	
6.07	0 0 0.000984162	
6.08	0 0 0.00145301	
6.09	0 0 0.00190957	
6.1	0 0 0.00235318	
6.11	0 0 0.00278322	
6.12	0 0 0.00319908	
6.13	0 0 0.00360024	
6.14	0 0 0.00398616	
6.15	0 0 0.0043564	
6.16	0 0 0.00471052	
6.17	0 0 0.00504814	
6.18	0 0 0.0053689	
6.19	0 0 0.00567252	
6.2	0 0 0.00595871	
6.21	0 0 0.00622727	
6.22	0 0 0.006478	
6.23	0 0 0.00671076	
6.24	0 0 0.00692544	
6.25	0 0 0.00712198	
6.26	0 0 0.00730034	
6.27	0 0 0.00746054	
6.28	0 0 0.00760261	
6.29	0 0 0.00772663	
6.3	0 0 0.00783272	
6.31	0 0 0.00792103	
6.32	0 0 0.00799172	
6.33	0 0 0.00804502	
6.34	0 0 0.00808116	
6.35	0 0 0.00810042	
6.36	0 0 0.00810309	
6.37	0 0 0.0080895	
6.38	0 0 0.00806	
6.39	0 0 0.00801497	
6.4	0 0 0.00795482	
6.41	0 0 0.00787995	
6.42	0 0 0.00779083	
6.43	0 0 0.0076879	
6.44	0 0 0.00757166	
6.45	0 0 0.0074426	
6.46	0 0 0.00730124	
6.47	0 0 0.0071481	
6.48	0 0 0.00698373	
6.49	0 0 0.00680867	
6.5	0 0 0.00662351	
6.51	0 0 0.00642879	
6.52	0 0 0.00622512	
6.53	0 0 0.00601306	
6.54	0 0 0.00579323	
6.55	0 0 0.0055662	
6.56	0 0 0.00533258	
6.57	0 0 0.00509297	
6.58	0 0 0.00484796	
6.59	0 0 0.00459816	
6.6	0 0 0.00434416	
6.61	0 0 0.00408655	
6.62	0 0 0.00382592	
6.63	0 0 0.00356285	
6.64	0 0 0.00329791	
6.65	0 0 0.00303168	
6.66	0 0 0.00276471	
6.67	0 0 0.00249755	
6.68	0 0 0.00223074	
6.69	0 0 0.0019648	
6.7	0 0 0.00170025	
6.71	0 0 0.00143759	
6.72	0 0 0.00117731	
6.73	0 0 0.000919884	
6.74	0 0 0.000665764	
6.75	0 0 0.000415394	
6.76	0 0 0.000169202	
6.77	0 0 -7.24056e-05	
6.78	0 0 -0.000309036	
6.79	0 0 -0.000540316	
6.8	0 0 -0.000765889	
6.81	0 0 -0.000985419	
6.82	0 0 -0.00119859	
6.83	0 0 -0.0014051	
6.84	0 0 -0.00160466	
6.85	0 0 -0.00179703	
6.86	0 0 -0.00198196	
6.87	0 0 -0.00215922	
6.88	0 0 -0.00232862	
6.89	0 0 -0.00248997	
6.9	0 0 -0.00264312	
6.91	0 0 -0.00278792	
6.92	0 0 -0.00292425	
6.93	0 0 -0.003052	
6.94	0 0 -0.00317109	
6.95	0 0 -0.00328146	
6.96	0 0 -0.00338306	
6.97	0 0 -0.00347586	
6.98	0 0 -0.00355985	
6.99	0 0 -0.00363504	
7	0 0 -0.00370146	
7.01	0 0 -0.00375915	
7.02	0 0 -0.00380816	
7.03	0 0 -0.00384858	
7.04	0 0 -0.00388049	
7.05	0 0 -0.00390401	
7.06	0 0 -0.00391924	
7.07	0 0 -0.00392634	
7.08	0 0 -0.00392543	
7.09	0 0 -0.0039167	
7.1	0 0 -0.00390031	
7.11	0 0 -0.00387644	
7.12	0 0 -0.0038453	
7.13	0 0 -0.00380709	
7.14	0 0 -0.00376203	
7.15	0 0 -0.00371035	
7.16	0 0 -0.00365228	
7.17	0 0 -0.00358806	
7.18	0 0 -0.00351796	
7.19	0 0 -0.00344222	
7.2	0 0 -0.00336111	
7.21	0 0 -0.0032749	
7.22	0 0 -0.00318387	
7.23	0 0 -0.00308829	
7.24	0 0 -0.00298844	
7.25	0 0 -0.00288462	
7.26	0 0 -0.0027771	
7.27	0 0 -0.00266618	
7.28	0 0 -0.00255214	
7.29	0 0 -0.00243528	
7.3	0 0 -0.00231589	
7.31	0 0 -0.00219425	
7.32	0 0 -0.00207066	
7.33	0 0 -0.0019454	
7.34	0 0 -0.00181875	
7.35	0 0 -0.001691	
7.36	0 0 -0.00156242	
7.37	0 0 -0.00143328	
7.38	0 0 -0.00130387	
7.39	0 0 -0.00117443	
7.4	0 0 -0.00104524	
7.41	0 0 -0.000916533	
7.42	0 0 -0.000788572	
7.43	0 0 -0.000661592	
7.44	0 0 -0.000535829	
7.45	0 0 -0.00041151	
7.46	0 0 -0.000288853	
7.47	0 0 -0.000168073	
7.48	0 0 -4.93715e-05	
7.49	0 0 6.70545e-05	
7.5	0 0 0.000181018	
7.51	0 0 0.00029234	
7.52	0 0 0.000400851	
7.53	0 0 0.00050639	
7.54	0 0 0.000608805	
7.55	0 0 0.000707955	
7.56	0 0 0.000803705	
7.57	0 0 0.000895933	
7.58	0 0 0.000984525	
7.59	0 0 0.00106938	
7.6	0 0 0.00115039	
7.61	0 0 0.00122749	
7.62	0 0 0.00130058	
7.63	0 0 0.00136962	
7.64	0 0 0.00143453	
7.65	0 0 0.00149528	
7.66	0 0 0.00155182	
7.67	0 0 0.00160413	
7.68	0 0 0.00165218	
7.69	0 0 0.00169596	
7.7	0 0 0.00173548	
7.71	0 0 0.00177074	
7.72	0 0 0.00180175	
7.73	0 0 0.00182854	
7.74	0 0 0.00185114	
7.75	0 0 0.00186958	
7.76	0 0 0.00188391	
7.77	0 0 0.00189419	
7.78	0 0 0.00190047	
7.79	0 0 0.00190283	
7.8	0 0 0.00190133	
7.81	0 0 0.00189607	
7.82	0 0 0.00188711	
7.83	0 0 0.00187456	
7.84	0 0 0.00185851	
7.85	0 0 0.00183907	
7.86	0 0 0.00181634	
7.87	0 0 0.00179043	
7.88	0 0 0.00176145	
7.89	0 0 0.00172953	
7.9	0 0 0.0016948	
7.91	0 0 0.00165736	
7.92	0 0 0.00161736	
7.93	0 0 0.00157493	
7.94	0 0 0.0015302	
7.95	0 0 0.00148329	
7.96	0 0 0.00143437	
7.97	0 0 0.00138355	
7.98	0 0 0.00133098	
7.99	0 0 0.0012768	
8	0 0 0.00122115	
8.01	0 0 0.00116417	
8.02	0 0 0.001106	
8.03	0 0 0.00104678	
8.04	0 0 0.000986653	
8.05	0 0 0.000925756	
8.06	0 0 0.000864225	
8.07	0 0 0.000802196	
8.08	0 0 0.000739804	
8.09	0 0 0.00067718	
8.1	0 0 0.000614454	
8.11	0 0 0.000551753	
8.12	0 0 0.000489203	
8.13	0 0 0.000426926	
8.14	0 0 0.00036504	
8.15	0 0 0.000303662	
8.16	0 0 0.000242905	
8.17	0 0 0.000182876	
8.18	0 0 0.000123683	
8.19	0 0 6.54255e-05	
8.2	0 0 8.20266e-06	
8.21	0 0 -4.78921e-05	
8.22	0 0 -0.000102769	
8.23	0 0 -0.000156343	
8.24	0 0 -0.000208533	
8.25	0 0 -0.000259262	
8.26	0 0 -0.000308458	
8.27	0 0 -0.000356053	
8.28	0 0 -0.000401984	
8.29	0 0 -0.000446192	
8.3	0 0 -0.000488624	
8.31	0 0 -0.00052923	
8.32	0 0 -0.000567966	
8.33	0 0 -0.000604791	
8.34	0 0 -0.000639669	
8.35	0 0 -0.000672571	
8.36	0 0 -0.00070347	
8.37	0 0 -0.000732343	
8.38	0 0 -0.000759175	
8.39	0 0 -0.000783952	
8.4	0 0 -0.000806665	
8.41	0 0 -0.00082731	
8.42	0 0 -0.000845888	
8.43	0 0 -0.000862403	
8.44	0 0 -0.000876862	
8.45	0 0 -0.000889279	
8.46	0 0 -0.000899669	
8.47	0 0 -0.000908052	
8.48	0 0 -0.00091445	
8.49	0 0 -0.000918892	
8.5	0 0 -0.000921408	
8.51	0 0 -0.00092203	
8.52	0 0 -0.000920796	
8.53	0 0 -0.000917745	
8.54	0 0 -0.000912919	
8.55	0 0 -0.000906364	
8.56	0 0 -0.000898127	
8.57	0 0 -0.000888259	
8.58	0 0 -0.000876812	
8.59	0 0 -0.00086384	
8.6	0 0 -0.0008494	
8.61	0 0 -0.00083355	
8.62	0 0 -0.000816349	
8.63	0 0 -0.000797861	
8.64	0 0 -0.000778146	
8.65	0 0 -0.000757269	
8.66	0 0 -0.000735295	
8.67	0 0 -0.00071229	
8.68	0 0 -0.00068832	
8.69	0 0 -0.000663454	
8.7	0 0 -0.000637757	
8.71	0 0 -0.000611299	
8.72	0 0 -0.000584148	
8.73	0 0 -0.000556371	
8.74	0 0 -0.000528038	
8.75	0 0 -0.000499214	
8.76	0 0 -0.000469969	
8.77	0 0 -0.000440369	
8.78	0 0 -0.00041048	
8.79	0 0 -0.000380368	
8.8	0 0 -0.000350097	
8.81	0 0 -0.000319732	
8.82	0 0 -0.000289334	
8.83	0 0 -0.000258966	
8.84	0 0 -0.000228687	
8.85	0 0 -0.000198556	
8.86	0 0 -0.000168631	
8.87	0 0 -0.000138967	
8.88	0 0 -0.000109619	
8.89	0 0 -8.0638e-05	
8.9	0 0 -5.20755e-05	
8.91	0 0 -2.39801e-05	
8.92	0 0 3.6013e-06	
8.93	0 0 3.06239e-05	
8.94	0 0 5.70448e-05	
8.95	0 0 8.28232e-05	
8.96	0 0 0.00010792	
8.97	0 0 0.0001323	
8.98	0 0 0.000155927	
8.99	0 0 0.00017877	
9	0 0 0.000200798	
9.01	0 0 0.000221985	
9.02	0 0 0.000242303	
9.03	0 0 0.000261731	
9.04	0 0 0.000280246	
9.05	0 0 0.000297831	
9.06	0 0 0.000314468	
9.07	0 0 0.000330144	
9.08	0 0 0.000344846	
9.09	0 0 0.000358564	
9.1	0 0 0.000371291	
9.11	0 0 0.000383021	
9.12	0 0 0.00039375	
9.13	0 0 0.000403476	
9.14	0 0 0.000412202	
9.15	0 0 0.000419928	
9.16	0 0 0.00042666	
9.17	0 0 0.000432404	
9.18	0 0 0.000437169	
9.19	0 0 0.000440964	
9.2	0 0 0.000443801	
9.21	0 0 0.000445693	
9.22	0 0 0.000446657	
9.23	0 0 0.000446708	
9.24	0 0 0.000445864	
9.25	0 0 0.000444145	
9.26	0 0 0.000441573	
9.27	0 0 0.000438169	
9.28	0 0 0.000433957	
9.29	0 0 0.000428961	
9.3	0 0 0.000423207	
9.31	0 0 0.000416721	
9.32	0 0 0.000409532	
9.33	0 0 0.000401668	
9.34	0 0 0.000393157	
9.35	0 0 0.000384031	
9.36	0 0 0.000374319	
9.37	0 0 0.000364052	
9.38	0 0 0.000353263	
9.39	0 0 0.000341983	
9.4	0 0 0.000330245	
9.41	0 0 0.000318081	
9.42	0 0 0.000305524	
9.43	0 0 0.000292607	
9.44	0 0 0.000279363	
9.45	0 0 0.000265826	
9.46	0 0 0.000252027	
9.47	0 0 0.000238001	
9.48	0 0 0.000223779	
9.49	0 0 0.000209394	
9.5	0 0 0.000194877	
9.51	0 0 0.000180262	
9.52	0 0 0.000165578	
9.53	0 0 0.000150856	
9.54	0 0 0.000136128	
9.55	0 0 0.000121422	
9.56	0 0 0.000106766	
9.57	0 0 9.2191e-05	
9.58	0 0 7.77227e-05	
9.59	0 0 6.33883e-05	
9.6	0 0 4.92138e-05	
9.61	0 0 3.52243e-05	
9.62	0 0 2.14442e-05	
9.63	0 0 7.89682e-06	
9.64	0 0 -5.39542e-06	
9.65	0 0 -1.8411e-05	
9.66	0 0 -3.11295e-05	
9.67	0 0 -4.35313e-05	
9.68	0 0 -5.55981e-05	
9.69	0 0 -6.73123e-05	
9.7	0 0 -7.86576e-05	
9.71	0 0 -8.96186e-05	
9.72	0 0 -0.000100181	
9.73	0 0 -0.000110332	
9.74	0 0 -0.00012006	
9.75	0 0 -0.000129352	
9.76	0 0 -0.0001382	
9.77	0 0 -0.000146595	
9.78	0 0 -0.000154529	
9.79	0 0 -0.000161995	
9.8	0 0 -0.000168987	
9.81	0 0 -0.000175502	
9.82	0 0 -0.000181535	
9.83	0 0 -0.000187085	
9.84	0 0 -0.00019215	
9.85	0 0 -0.000196729	
9.86	0 0 -0.000200823	
9.87	0 0 -0.000204433	
9.88	0 0 -0.000207563	
9.89	0 0 -0.000210214	
9.9	0 0 -0.000212392	
9.91	0 0 -0.000214102	
9.92	0 0 -0.00021535	
9.93	0 0 -0.000216141	
9.94	0 0 -0.000216485	
9.95	0 0 -0.000216389	
9.96	0 0 -0.000215862	
9.97	0 0 -0.000214914	
9.98	0 0 -0.000213555	
9.99	0 0 -0.000211796	
10	0 0 -0.000209648	
10.01	0 0 -0.000207124	
10.02	0 0 -0.000204237	
10.03	0 0 -0.000200999	
10.04	0 0 -0.000197423	
10.05	0 0 -0.000193524	
10.06	0 0 -0.000189316	
10.07	0 0 -0.000184814	
10.08	0 0 -0.000180032	
10.09	0 0 -0.000174986	
10.1	0 0 -0.00016969	
10.11	0 0 -0.000164161	
10.12	0 0 -0.000158415	
10.13	0 0 -0.000152466	
10.14	0 0 -0.000146332	
10.15	0 0 -0.000140027	
10.16	0 0 -0.000133569	
10.17	0 0 -0.000126972	
10.18	0 0 -0.000120254	
10.19	0 0 -0.000113429	
10.2	0 0 -0.000106514	
10.21	0 0 -9.95247e-05	
10.22	0 0 -9.24758e-05	
10.23	0 0 -8.53829e-05	
10.24	0 0 -7.82611e-05	
10.25	0 0 -7.11252e-05	
10.26	0 0 -6.39898e-05	
10.27	0 0 -5.68691e-05	
10.28	0 0 -4.97771e-05	
10.29	0 0 -4.27273e-05	
10.3	0 0 -3.57332e-05	
10.31	0 0 -2.88074e-05	
10.32	0 0 -2.19625e-05	
10.33	0 0 -1.52106e-05	
10.34	0 0 -8.56335e-06	
10.35	0 0 -2.03189e-06	
10.36	0 0 4.373e-06	
10.37	0 0 1.06411e-05	
10.38	0 0 1.67625e-05	
10.39	0 0 2.27279e-05	
10.4	0 0 2.85286e-05	
10.41	0 0 3.41562e-05	
10.42	0 0 3.9603e-05	
10.43	0 0 4.48616e-05	
10.44	0 0 4.99253e-05	
10.45	0 0 5.47879e-05	
10.46	0 0 5.94437e-05	
10.47	0 0 6.38874e-05	
10.48	0 0 6.81145e-05	
10.49	0 0 7.21209e-05	
10.5	0 0 7.59029e-05	
10.51	0 0 7.94574e-05	
10.52	0 0 8.27819e-05	
10.53	0 0 8.58744e-05	
10.54	0 0 8.87332e-05	
10.55	0 0 9.13575e-05	
10.56	0 0 9.37465e-05	
10.57	0 0 9.59002e-05	
10.58	0 0 9.78191e-05	
10.59	0 0 9.9504e-05	
10.6	0 0 0.000100956	
10.61	0 0 0.000102177	
10.62	0 0 0.00010317	
10.63	0 0 0.000103936	
10.64	0 0 0.000104479	
10.65	0 0 0.000104802	
10.66	0 0 0.000104909	
10.67	0 0 0.000104805	
10.68	0 0 0.000104492	
10.69	0 0 0.000103977	
10.7	0 0 0.000103264	
10.71	0 0 0.000102359	
10.72	0 0 0.000101268	
10.73	0 0 9.99956e-05	
10.74	0 0 9.85487e-05	
10.75	0 0 9.69337e-05	
10.76	0 0 9.51571e-05	
10.77	0 0 9.32257e-05	
10.78	0 0 9.11465e-05	
10.79	0 0 8.89266e-05	
10.8	0 0 8.65733e-05	
10.81	0 0 8.40938e-05	
10.82	0 0 8.14958e-05	
