# Gnuplot File : velocities of 1 particle(s) Monitored
# 1st Column : time, others : particle(s) number 1 
0.01	0 0 -0.0981	
0.02	0 0 -0.194042	
0.03	0 0 -0.287677	
0.04	0 0 -0.378864	
0.05	0 0 -0.467469	
0.06	0 0 -0.553367	
0.07	0 0 -0.636441	
0.08	0 0 -0.71658	
0.09	0 0 -0.793683	
0.1	0 0 -0.867657	
0.11	0 0 -0.938416	
0.12	0 0 -1.00588	
0.13	0 0 -1.06999	
0.14	0 0 -1.13067	
0.15	0 0 -1.18788	
0.16	0 0 -1.24157	
0.17	0 0 -1.2917	
0.18	0 0 -1.33825	
0.19	0 0 -1.38119	
0.2	0 0 -1.4205	
0.21	0 0 -1.45619	
0.22	0 0 -1.48826	
0.23	0 0 -1.5167	
0.24	0 0 -1.54155	
0.25	0 0 -1.56281	
0.26	0 0 -1.58053	
0.27	0 0 -1.59472	
0.28	0 0 -1.60545	
0.29	0 0 -1.61275	
0.3	0 0 -1.61667	
0.31	0 0 -1.61729	
0.32	0 0 -1.61466	
0.33	0 0 -1.60885	
0.34	0 0 -1.59994	
0.35	0 0 -1.58801	
0.36	0 0 -1.57314	
0.37	0 0 -1.55542	
0.38	0 0 -1.53495	
0.39	0 0 -1.51181	
0.4	0 0 -1.48612	
0.41	0 0 -1.45796	
0.42	0 0 -1.42746	
0.43	0 0 -1.3947	
0.44	0 0 -1.35982	
0.45	0 0 -1.32291	
0.46	0 0 -1.2841	
0.47	0 0 -1.24349	
0.48	0 0 -1.20121	
0.49	0 0 -1.15737	
0.5	0 0 -1.11209	
0.51	0 0 -1.0655	
0.52	0 0 -1.0177	
0.53	0 0 -0.968826	
0.54	0 0 -0.918992	
0.55	0 0 -0.868317	
0.56	0 0 -0.816918	
0.57	0 0 -0.764913	
0.58	0 0 -0.712419	
0.59	0 0 -0.65955	
0.6	0 0 -0.606419	
0.61	0 0 -0.553138	
0.62	0 0 -0.499816	
0.63	0 0 -0.446561	
0.64	0 0 -0.393478	
0.65	0 0 -0.340669	
0.66	0 0 -0.288236	
0.67	0 0 -0.236275	
0.68	0 0 -0.18488	
0.69	0 0 -0.134143	
0.7	0 0 -0.0841534	
0.71	0 0 -0.0349948	
0.72	0 0 0.0132506	
0.73	0 0 0.0605045	
0.74	0 0 0.106692	
0.75	0 0 0.151743	
0.76	0 0 0.195589	
0.77	0 0 0.238168	
0.78	0 0 0.279418	
0.79	0 0 0.319284	
0.8	0 0 0.357715	
0.81	0 0 0.394661	
0.82	0 0 0.430079	
0.83	0 0 0.463929	
0.84	0 0 0.496174	
0.85	0 0 0.526781	
0.86	0 0 0.555723	
0.87	0 0 0.582975	
0.88	0 0 0.608516	
0.89	0 0 0.632328	
0.9	0 0 0.6544	
0.91	0 0 0.674722	
0.92	0 0 0.693288	
0.93	0 0 0.710095	
0.94	0 0 0.725147	
0.95	0 0 0.738447	
0.96	0 0 0.750004	
0.97	0 0 0.75983	
0.98	0 0 0.76794	
0.99	0 0 0.774352	
1	0 0 0.779087	
1.01	0 0 0.782169	
1.02	0 0 0.783625	
1.03	0 0 0.783485	
1.04	0 0 0.781781	
1.05	0 0 0.778547	
1.06	0 0 0.77382	
1.07	0 0 0.767641	
1.08	0 0 0.76005	
1.09	0 0 0.75109	
1.1	0 0 0.740808	
1.11	0 0 0.729249	
1.12	0 0 0.716464	
1.13	0 0 0.702501	
1.14	0 0 0.687412	
1.15	0 0 0.67125	
1.16	0 0 0.654069	
1.17	0 0 0.635924	
1.18	0 0 0.616869	
1.19	0 0 0.596962	
1.2	0 0 0.576259	
1.21	0 0 0.554818	
1.22	0 0 0.532696	
1.23	0 0 0.509951	
1.24	0 0 0.486641	
1.25	0 0 0.462824	
1.26	0 0 0.438557	
1.27	0 0 0.413899	
1.28	0 0 0.388906	
1.29	0 0 0.363635	
1.3	0 0 0.338142	
1.31	0 0 0.312483	
1.32	0 0 0.286712	
1.33	0 0 0.260883	
1.34	0 0 0.235049	
1.35	0 0 0.209262	
1.36	0 0 0.183571	
1.37	0 0 0.158028	
1.38	0 0 0.132679	
1.39	0 0 0.107572	
1.4	0 0 0.0827515	
1.41	0 0 0.0582622	
1.42	0 0 0.0341461	
1.43	0 0 0.0104441	
1.44	0 0 -0.0128048	
1.45	0 0 -0.035563	
1.46	0 0 -0.057795	
1.47	0 0 -0.0794668	
1.48	0 0 -0.100546	
1.49	0 0 -0.121003	
1.5	0 0 -0.140808	
1.51	0 0 -0.159936	
1.52	0 0 -0.178362	
1.53	0 0 -0.196062	
1.54	0 0 -0.213016	
1.55	0 0 -0.229205	
1.56	0 0 -0.244612	
1.57	0 0 -0.259221	
1.58	0 0 -0.27302	
1.59	0 0 -0.285996	
1.6	0 0 -0.298142	
1.61	0 0 -0.309448	
1.62	0 0 -0.319909	
1.63	0 0 -0.329521	
1.64	0 0 -0.338281	
1.65	0 0 -0.34619	
1.66	0 0 -0.353249	
1.67	0 0 -0.359459	
1.68	0 0 -0.364827	
1.69	0 0 -0.369357	
1.7	0 0 -0.373059	
1.71	0 0 -0.37594	
1.72	0 0 -0.378011	
1.73	0 0 -0.379286	
1.74	0 0 -0.379776	
1.75	0 0 -0.379496	
1.76	0 0 -0.378464	
1.77	0 0 -0.376695	
1.78	0 0 -0.374208	
1.79	0 0 -0.371022	
1.8	0 0 -0.367158	
1.81	0 0 -0.362637	
1.82	0 0 -0.357481	
1.83	0 0 -0.351714	
1.84	0 0 -0.345358	
1.85	0 0 -0.338438	
1.86	0 0 -0.330981	
1.87	0 0 -0.32301	
1.88	0 0 -0.314553	
1.89	0 0 -0.305635	
1.9	0 0 -0.296285	
1.91	0 0 -0.286529	
1.92	0 0 -0.276396	
1.93	0 0 -0.265912	
1.94	0 0 -0.255106	
1.95	0 0 -0.244006	
1.96	0 0 -0.23264	
1.97	0 0 -0.221036	
1.98	0 0 -0.209222	
1.99	0 0 -0.197226	
2	0 0 -0.185075	
2.01	0 0 -0.172797	
2.02	0 0 -0.160419	
2.03	0 0 -0.147968	
2.04	0 0 -0.13547	
2.05	0 0 -0.122951	
2.06	0 0 -0.110437	
2.07	0 0 -0.0979514	
2.08	0 0 -0.0855201	
2.09	0 0 -0.0731663	
2.1	0 0 -0.0609133	
2.11	0 0 -0.0487835	
2.12	0 0 -0.0367988	
2.13	0 0 -0.0249801	
2.14	0 0 -0.0133479	
2.15	0 0 -0.00192161	
2.16	0 0 0.00928	
2.17	0 0 0.020239	
2.18	0 0 0.0309384	
2.19	0 0 0.0413619	
2.2	0 0 0.0514942	
2.21	0 0 0.0613208	
2.22	0 0 0.0708283	
2.23	0 0 0.080004	
2.24	0 0 0.0888362	
2.25	0 0 0.097314	
2.26	0 0 0.105428	
2.27	0 0 0.113168	
2.28	0 0 0.120528	
2.29	0 0 0.127499	
2.3	0 0 0.134075	
2.31	0 0 0.140253	
2.32	0 0 0.146026	
2.33	0 0 0.151391	
2.34	0 0 0.156346	
2.35	0 0 0.16089	
2.36	0 0 0.165021	
2.37	0 0 0.168739	
2.38	0 0 0.172046	
2.39	0 0 0.174942	
2.4	0 0 0.17743	
2.41	0 0 0.179514	
2.42	0 0 0.181197	
2.43	0 0 0.182484	
2.44	0 0 0.18338	
2.45	0 0 0.183892	
2.46	0 0 0.184026	
2.47	0 0 0.183789	
2.48	0 0 0.183189	
2.49	0 0 0.182234	
2.5	0 0 0.180935	
2.51	0 0 0.179299	
2.52	0 0 0.177337	
2.53	0 0 0.175061	
2.54	0 0 0.172479	
2.55	0 0 0.169604	
2.56	0 0 0.166448	
2.57	0 0 0.163021	
2.58	0 0 0.159338	
2.59	0 0 0.155409	
2.6	0 0 0.151248	
2.61	0 0 0.146867	
2.62	0 0 0.142281	
2.63	0 0 0.137502	
2.64	0 0 0.132543	
2.65	0 0 0.127418	
2.66	0 0 0.122141	
2.67	0 0 0.116726	
2.68	0 0 0.111185	
2.69	0 0 0.105532	
2.7	0 0 0.0997819	
2.71	0 0 0.0939469	
2.72	0 0 0.0880407	
2.73	0 0 0.0820766	
2.74	0 0 0.0760676	
2.75	0 0 0.0700267	
2.76	0 0 0.0639665	
2.77	0 0 0.0578996	
2.78	0 0 0.0518382	
2.79	0 0 0.0457944	
2.8	0 0 0.0397798	
2.81	0 0 0.033806	
2.82	0 0 0.0278841	
2.83	0 0 0.0220248	
2.84	0 0 0.0162387	
2.85	0 0 0.0105358	
2.86	0 0 0.00492587	
2.87	0 0 -0.00058169	
2.88	0 0 -0.00597793	
2.89	0 0 -0.0112543	
2.9	0 0 -0.0164026	
2.91	0 0 -0.0214152	
2.92	0 0 -0.0262846	
2.93	0 0 -0.0310042	
2.94	0 0 -0.0355673	
2.95	0 0 -0.039968	
2.96	0 0 -0.0442008	
2.97	0 0 -0.0482605	
2.98	0 0 -0.0521425	
2.99	0 0 -0.0558425	
3	0 0 -0.0593569	
3.01	0 0 -0.0626823	
3.02	0 0 -0.0658158	
3.03	0 0 -0.068755	
3.04	0 0 -0.0714979	
3.05	0 0 -0.074043	
3.06	0 0 -0.0763891	
3.07	0 0 -0.0785355	
3.08	0 0 -0.0804818	
3.09	0 0 -0.0822283	
3.1	0 0 -0.0837754	
3.11	0 0 -0.085124	
3.12	0 0 -0.0862754	
3.13	0 0 -0.0872312	
3.14	0 0 -0.0879934	
3.15	0 0 -0.0885644	
3.16	0 0 -0.0889469	
3.17	0 0 -0.0891438	
3.18	0 0 -0.0891585	
3.19	0 0 -0.0889945	
3.2	0 0 -0.0886559	
3.21	0 0 -0.0881467	
3.22	0 0 -0.0874714	
3.23	0 0 -0.0866347	
3.24	0 0 -0.0856414	
3.25	0 0 -0.0844968	
3.26	0 0 -0.083206	
3.27	0 0 -0.0817746	
3.28	0 0 -0.0802083	
3.29	0 0 -0.0785129	
3.3	0 0 -0.0766944	
3.31	0 0 -0.0747589	
3.32	0 0 -0.0727125	
3.33	0 0 -0.0705617	
3.34	0 0 -0.0683128	
3.35	0 0 -0.0659722	
3.36	0 0 -0.0635465	
3.37	0 0 -0.0610422	
3.38	0 0 -0.0584659	
3.39	0 0 -0.0558242	
3.4	0 0 -0.0531237	
3.41	0 0 -0.0503709	
3.42	0 0 -0.0475725	
3.43	0 0 -0.0447349	
3.44	0 0 -0.0418645	
3.45	0 0 -0.0389679	
3.46	0 0 -0.0360512	
3.47	0 0 -0.0331208	
3.48	0 0 -0.0301827	
3.49	0 0 -0.0272431	
3.5	0 0 -0.0243077	
3.51	0 0 -0.0213825	
3.52	0 0 -0.0184729	
3.53	0 0 -0.0155846	
3.54	0 0 -0.012723	
3.55	0 0 -0.00989307	
3.56	0 0 -0.00709998	
3.57	0 0 -0.00434856	
3.58	0 0 -0.00164347	
3.59	0 0 0.00101081	
3.6	0 0 0.00360997	
3.61	0 0 0.00614994	
3.62	0 0 0.00862681	
3.63	0 0 0.0110369	
3.64	0 0 0.0133767	
3.65	0 0 0.0156429	
3.66	0 0 0.0178326	
3.67	0 0 0.0199428	
3.68	0 0 0.0219708	
3.69	0 0 0.0239144	
3.7	0 0 0.0257713	
3.71	0 0 0.0275395	
3.72	0 0 0.0292173	
3.73	0 0 0.0308031	
3.74	0 0 0.0322955	
3.75	0 0 0.0336935	
3.76	0 0 0.0349962	
3.77	0 0 0.0362028	
3.78	0 0 0.0373129	
3.79	0 0 0.0383262	
3.8	0 0 0.0392425	
3.81	0 0 0.040062	
3.82	0 0 0.040785	
3.83	0 0 0.041412	
3.84	0 0 0.0419436	
3.85	0 0 0.0423807	
3.86	0 0 0.0427243	
3.87	0 0 0.0429756	
3.88	0 0 0.0431359	
3.89	0 0 0.0432067	
3.9	0 0 0.0431897	
3.91	0 0 0.0430867	
3.92	0 0 0.0428995	
3.93	0 0 0.0426303	
3.94	0 0 0.0422812	
3.95	0 0 0.0418545	
3.96	0 0 0.0413527	
3.97	0 0 0.0407781	
3.98	0 0 0.0401336	
3.99	0 0 0.0394216	
4	0 0 0.038645	
4.01	0 0 0.0378067	
4.02	0 0 0.0369095	
4.03	0 0 0.0359565	
4.04	0 0 0.0349506	
4.05	0 0 0.0338949	
4.06	0 0 0.0327926	
4.07	0 0 0.0316467	
4.08	0 0 0.0304604	
4.09	0 0 0.0292369	
4.1	0 0 0.0279795	
4.11	0 0 0.0266912	
4.12	0 0 0.0253753	
4.13	0 0 0.024035	
4.14	0 0 0.0226734	
4.15	0 0 0.0212937	
4.16	0 0 0.019899	
4.17	0 0 0.0184923	
4.18	0 0 0.0170769	
4.19	0 0 0.0156556	
4.2	0 0 0.0142314	
4.21	0 0 0.0128072	
4.22	0 0 0.0113859	
4.23	0 0 0.0099703	
4.24	0 0 0.00856303	
4.25	0 0 0.00716678	
4.26	0 0 0.00578412	
4.27	0 0 0.00441754	
4.28	0 0 0.00306946	
4.29	0 0 0.00174221	
4.3	0 0 0.000438012	
4.31	0 0 -0.000840975	
4.32	0 0 -0.0020927	
4.33	0 0 -0.00331521	
4.34	0 0 -0.00450663	
4.35	0 0 -0.00566521	
4.36	0 0 -0.0067893	
4.37	0 0 -0.00787732	
4.38	0 0 -0.00892782	
4.39	0 0 -0.00993946	
4.4	0 0 -0.010911	
4.41	0 0 -0.0118413	
4.42	0 0 -0.0127293	
4.43	0 0 -0.013574	
4.44	0 0 -0.0143748	
4.45	0 0 -0.0151307	
4.46	0 0 -0.0158413	
4.47	0 0 -0.016506	
4.48	0 0 -0.0171244	
4.49	0 0 -0.0176961	
4.5	0 0 -0.0182211	
4.51	0 0 -0.0186991	
4.52	0 0 -0.0191301	
4.53	0 0 -0.0195143	
4.54	0 0 -0.0198517	
4.55	0 0 -0.0201427	
4.56	0 0 -0.0203876	
4.57	0 0 -0.0205868	
4.58	0 0 -0.0207409	
4.59	0 0 -0.0208504	
4.6	0 0 -0.020916	
4.61	0 0 -0.0209384	
4.62	0 0 -0.0209186	
4.63	0 0 -0.0208572	
4.64	0 0 -0.0207555	
4.65	0 0 -0.0206142	
4.66	0 0 -0.0204345	
4.67	0 0 -0.0202176	
4.68	0 0 -0.0199645	
4.69	0 0 -0.0196766	
4.7	0 0 -0.0193551	
4.71	0 0 -0.0190013	
4.72	0 0 -0.0186166	
4.73	0 0 -0.0182023	
4.74	0 0 -0.01776	
4.75	0 0 -0.0172909	
4.76	0 0 -0.0167967	
4.77	0 0 -0.0162787	
4.78	0 0 -0.0157386	
4.79	0 0 -0.0151777	
4.8	0 0 -0.0145978	
4.81	0 0 -0.0140002	
4.82	0 0 -0.0133866	
4.83	0 0 -0.0127585	
4.84	0 0 -0.0121174	
4.85	0 0 -0.011465	
4.86	0 0 -0.0108026	
4.87	0 0 -0.0101319	
4.88	0 0 -0.0094543	
4.89	0 0 -0.00877138	
4.9	0 0 -0.00808457	
4.91	0 0 -0.00739532	
4.92	0 0 -0.00670508	
4.93	0 0 -0.00601522	
4.94	0 0 -0.00532714	
4.95	0 0 -0.00464216	
4.96	0 0 -0.00396159	
4.97	0 0 -0.00328672	
4.98	0 0 -0.00261876	
4.99	0 0 -0.00195893	
5	0 0 -0.00130838	
5.01	0 0 -0.000668224	
5.02	0 0 -3.95331e-05	
5.03	0 0 0.000576663	
5.04	0 0 0.00117938	
5.05	0 0 0.00176769	
5.06	0 0 0.00234069	
5.07	0 0 0.00289755	
5.08	0 0 0.00343748	
5.09	0 0 0.00395974	
5.1	0 0 0.00446363	
5.11	0 0 0.00494852	
5.12	0 0 0.00541381	
5.13	0 0 0.00585897	
5.14	0 0 0.00628351	
5.15	0 0 0.00668699	
5.16	0 0 0.00706903	
5.17	0 0 0.00742928	
5.18	0 0 0.00776748	
5.19	0 0 0.00808337	
5.2	0 0 0.00837678	
5.21	0 0 0.00864757	
5.22	0 0 0.00889565	
5.23	0 0 0.00912097	
5.24	0 0 0.00932355	
5.25	0 0 0.00950343	
5.26	0 0 0.0096607	
5.27	0 0 0.00979551	
5.28	0 0 0.00990803	
5.29	0 0 0.00999848	
5.3	0 0 0.0100671	
5.31	0 0 0.0101143	
5.32	0 0 0.0101402	
5.33	0 0 0.0101454	
5.34	0 0 0.0101302	
5.35	0 0 0.010095	
5.36	0 0 0.0100403	
5.37	0 0 0.00996667	
5.38	0 0 0.00987456	
5.39	0 0 0.00976454	
5.4	0 0 0.00963718	
5.41	0 0 0.00949311	
5.42	0 0 0.00933292	
5.43	0 0 0.00915728	
5.44	0 0 0.00896683	
5.45	0 0 0.00876226	
5.46	0 0 0.00854426	
5.47	0 0 0.00831352	
5.48	0 0 0.00807078	
5.49	0 0 0.00781675	
5.5	0 0 0.00755216	
5.51	0 0 0.00727776	
5.52	0 0 0.0069943	
5.53	0 0 0.00670251	
5.54	0 0 0.00640316	
5.55	0 0 0.00609699	
5.56	0 0 0.00578474	
5.57	0 0 0.00546718	
5.58	0 0 0.00514502	
5.59	0 0 0.00481903	
5.6	0 0 0.00448991	
5.61	0 0 0.0041584	
5.62	0 0 0.0038252	
5.63	0 0 0.00349101	
5.64	0 0 0.00315653	
5.65	0 0 0.00282242	
5.66	0 0 0.00248935	
5.67	0 0 0.00215796	
5.68	0 0 0.00182888	
5.69	0 0 0.00150273	
5.7	0 0 0.00118009	
5.71	0 0 0.000861552	
5.72	0 0 0.000547657	
5.73	0 0 0.000238945	
5.74	0 0 -6.40706e-05	
5.75	0 0 -0.000360898	
5.76	0 0 -0.000651067	
5.77	0 0 -0.00093413	
5.78	0 0 -0.00120966	
5.79	0 0 -0.00147727	
5.8	0 0 -0.00173657	
5.81	0 0 -0.0019872	
5.82	0 0 -0.00222885	
5.83	0 0 -0.00246122	
5.84	0 0 -0.00268401	
5.85	0 0 -0.00289697	
5.86	0 0 -0.00309989	
5.87	0 0 -0.00329254	
5.88	0 0 -0.00347476	
5.89	0 0 -0.00364638	
5.9	0 0 -0.00380728	
5.91	0 0 -0.00395735	
5.92	0 0 -0.0040965	
5.93	0 0 -0.00422467	
5.94	0 0 -0.00434183	
5.95	0 0 -0.00444796	
5.96	0 0 -0.00454308	
5.97	0 0 -0.00462721	
5.98	0 0 -0.0047004	
5.99	0 0 -0.00476272	
6	0 0 -0.00481428	
6.01	0 0 -0.00485517	
6.02	0 0 -0.00488554	
6.03	0 0 -0.00490552	
6.04	0 0 -0.0049153	
6.05	0 0 -0.00491505	
6.06	0 0 -0.00490497	
6.07	0 0 -0.00488529	
6.08	0 0 -0.00485623	
6.09	0 0 -0.00481804	
6.1	0 0 -0.00477098	
6.11	0 0 -0.00471531	
6.12	0 0 -0.00465133	
6.13	0 0 -0.00457933	
6.14	0 0 -0.0044996	
6.15	0 0 -0.00441247	
6.16	0 0 -0.00431826	
6.17	0 0 -0.0042173	
6.18	0 0 -0.00410992	
6.19	0 0 -0.00399647	
6.2	0 0 -0.0038773	
6.21	0 0 -0.00375275	
6.22	0 0 -0.00362319	
6.23	0 0 -0.00348898	
6.24	0 0 -0.00335047	
6.25	0 0 -0.00320803	
6.26	0 0 -0.00306202	
6.27	0 0 -0.00291281	
6.28	0 0 -0.00276076	
6.29	0 0 -0.00260623	
6.3	0 0 -0.00244957	
6.31	0 0 -0.00229115	
6.32	0 0 -0.00213132	
6.33	0 0 -0.00197042	
6.34	0 0 -0.00180879	
6.35	0 0 -0.00164679	
6.36	0 0 -0.00148472	
6.37	0 0 -0.00132293	
6.38	0 0 -0.00116173	
6.39	0 0 -0.00100143	
6.4	0 0 -0.000842338	
6.41	0 0 -0.000684739	
6.42	0 0 -0.000528922	
6.43	0 0 -0.000375164	
6.44	0 0 -0.000223731	
6.45	0 0 -7.4879e-05	
6.46	0 0 7.11457e-05	
6.47	0 0 0.000214108	
6.48	0 0 0.000353782	
6.49	0 0 0.000489956	
6.5	0 0 0.000622426	
6.51	0 0 0.000751002	
6.52	0 0 0.000875504	
6.53	0 0 0.000995765	
6.54	0 0 0.00111163	
6.55	0 0 0.00122295	
6.56	0 0 0.00132961	
6.57	0 0 0.00143146	
6.58	0 0 0.00152842	
6.59	0 0 0.00162039	
6.6	0 0 0.00170727	
6.61	0 0 0.001789	
6.62	0 0 0.00186552	
6.63	0 0 0.00193678	
6.64	0 0 0.00200273	
6.65	0 0 0.00206337	
6.66	0 0 0.00211866	
6.67	0 0 0.00216861	
6.68	0 0 0.00221323	
6.69	0 0 0.00225252	
6.7	0 0 0.00228653	
6.71	0 0 0.00231528	
6.72	0 0 0.00233883	
6.73	0 0 0.00235722	
6.74	0 0 0.00237054	
6.75	0 0 0.00237885	
6.76	0 0 0.00238223	
6.77	0 0 0.00238078	
6.78	0 0 0.0023746	
6.79	0 0 0.0023638	
6.8	0 0 0.00234848	
6.81	0 0 0.00232877	
6.82	0 0 0.0023048	
6.83	0 0 0.0022767	
6.84	0 0 0.0022446	
6.85	0 0 0.00220866	
6.86	0 0 0.00216902	
6.87	0 0 0.00212584	
6.88	0 0 0.00207927	
6.89	0 0 0.00202947	
6.9	0 0 0.00197661	
6.91	0 0 0.00192085	
6.92	0 0 0.00186236	
6.93	0 0 0.00180132	
6.94	0 0 0.0017379	
6.95	0 0 0.00167227	
6.96	0 0 0.00160461	
6.97	0 0 0.00153509	
6.98	0 0 0.0014639	
6.99	0 0 0.0013912	
7	0 0 0.00131717	
7.01	0 0 0.00124198	
7.02	0 0 0.00116582	
7.03	0 0 0.00108885	
7.04	0 0 0.00101124	
7.05	0 0 0.000933158	
7.06	0 0 0.000854773	
7.07	0 0 0.000776247	
7.08	0 0 0.000697738	
7.09	0 0 0.000619404	
7.1	0 0 0.000541398	
7.11	0 0 0.000463869	
7.12	0 0 0.000386963	
7.13	0 0 0.000310822	
7.14	0 0 0.000235581	
7.15	0 0 0.000161374	
7.16	0 0 8.83285e-05	
7.17	0 0 1.65673e-05	
7.18	0 0 -5.37919e-05	
7.19	0 0 -0.000122636	
7.2	0 0 -0.000189859	
7.21	0 0 -0.000255357	
7.22	0 0 -0.000319034	
7.23	0 0 -0.0003808	
7.24	0 0 -0.000440569	
7.25	0 0 -0.000498261	
7.26	0 0 -0.000553803	
7.27	0 0 -0.000607127	
7.28	0 0 -0.000658169	
7.29	0 0 -0.000706875	
7.3	0 0 -0.000753193	
7.31	0 0 -0.000797078	
7.32	0 0 -0.000838491	
7.33	0 0 -0.000877399	
7.34	0 0 -0.000913774	
7.35	0 0 -0.000947594	
7.36	0 0 -0.000978842	
7.37	0 0 -0.00100751	
7.38	0 0 -0.00103359	
7.39	0 0 -0.00105707	
7.4	0 0 -0.00107798	
7.41	0 0 -0.00109631	
7.42	0 0 -0.00111208	
7.43	0 0 -0.00112531	
7.44	0 0 -0.00113603	
7.45	0 0 -0.00114426	
7.46	0 0 -0.00115004	
7.47	0 0 -0.0011534	
7.48	0 0 -0.00115439	
7.49	0 0 -0.00115304	
7.5	0 0 -0.00114942	
7.51	0 0 -0.00114358	
7.52	0 0 -0.00113556	
7.53	0 0 -0.00112543	
7.54	0 0 -0.00111326	
7.55	0 0 -0.0010991	
7.56	0 0 -0.00108302	
7.57	0 0 -0.0010651	
7.58	0 0 -0.00104541	
7.59	0 0 -0.00102403	
7.6	0 0 -0.00100102	
7.61	0 0 -0.000976469	
7.62	0 0 -0.000950457	
7.63	0 0 -0.000923065	
7.64	0 0 -0.000894374	
7.65	0 0 -0.000864469	
7.66	0 0 -0.000833432	
7.67	0 0 -0.00080135	
7.68	0 0 -0.000768306	
7.69	0 0 -0.000734387	
7.7	0 0 -0.000699677	
7.71	0 0 -0.000664262	
7.72	0 0 -0.000628227	
7.73	0 0 -0.000591656	
7.74	0 0 -0.000554634	
7.75	0 0 -0.000517242	
7.76	0 0 -0.000479564	
7.77	0 0 -0.00044168	
7.78	0 0 -0.000403671	
7.79	0 0 -0.000365614	
7.8	0 0 -0.000327587	
7.81	0 0 -0.000289666	
7.82	0 0 -0.000251924	
7.83	0 0 -0.000214433	
7.84	0 0 -0.000177262	
7.85	0 0 -0.000140481	
7.86	0 0 -0.000104154	
7.87	0 0 -6.83457e-05	
7.88	0 0 -3.31167e-05	
7.89	0 0 1.474e-06	
7.9	0 0 3.53699e-05	
7.91	0 0 6.85172e-05	
7.92	0 0 0.000100864	
7.93	0 0 0.000132363	
7.94	0 0 0.000162967	
7.95	0 0 0.000192633	
7.96	0 0 0.00022132	
7.97	0 0 0.000248991	
7.98	0 0 0.000275611	
7.99	0 0 0.000301147	
8	0 0 0.000325569	
8.01	0 0 0.000348853	
8.02	0 0 0.000370973	
8.03	0 0 0.000391908	
8.04	0 0 0.000411641	
8.05	0 0 0.000430156	
8.06	0 0 0.000447441	
8.07	0 0 0.000463485	
8.08	0 0 0.000478281	
8.09	0 0 0.000491825	
8.1	0 0 0.000504114	
8.11	0 0 0.000515149	
8.12	0 0 0.000524933	
8.13	0 0 0.000533471	
8.14	0 0 0.000540772	
8.15	0 0 0.000546845	
8.16	0 0 0.000551703	
8.17	0 0 0.000555361	
8.18	0 0 0.000557835	
8.19	0 0 0.000559143	
8.2	0 0 0.000559307	
8.21	0 0 0.000558349	
8.22	0 0 0.000556294	
8.23	0 0 0.000553167	
8.24	0 0 0.000548996	
8.25	0 0 0.000543811	
8.26	0 0 0.000537642	
8.27	0 0 0.000530521	
8.28	0 0 0.000522481	
8.29	0 0 0.000513557	
8.3	0 0 0.000503785	
8.31	0 0 0.0004932	
8.32	0 0 0.000481841	
8.33	0 0 0.000469745	
8.34	0 0 0.000456952	
8.35	0 0 0.0004435	
8.36	0 0 0.000429431	
8.37	0 0 0.000414784	
8.38	0 0 0.000399601	
8.39	0 0 0.000383922	
8.4	0 0 0.000367788	
8.41	0 0 0.000351242	
8.42	0 0 0.000334324	
8.43	0 0 0.000317076	
8.44	0 0 0.000299539	
8.45	0 0 0.000281753	
8.46	0 0 0.00026376	
8.47	0 0 0.000245599	
8.48	0 0 0.00022731	
8.49	0 0 0.000208932	
8.5	0 0 0.000190504	
8.51	0 0 0.000172063	
8.52	0 0 0.000153648	
8.53	0 0 0.000135293	
8.54	0 0 0.000117034	
8.55	0 0 9.8907e-05	
8.56	0 0 8.09444e-05	
8.57	0 0 6.31793e-05	
8.58	0 0 4.5643e-05	
8.59	0 0 2.83662e-05	
8.6	0 0 1.13782e-05	
8.61	0 0 -5.29278e-06	
8.62	0 0 -2.16198e-05	
8.63	0 0 -3.7577e-05	
8.64	0 0 -5.31399e-05	
8.65	0 0 -6.82853e-05	
8.66	0 0 -8.29912e-05	
8.67	0 0 -9.7237e-05	
8.68	0 0 -0.000111003	
8.69	0 0 -0.000124272	
8.7	0 0 -0.000137028	
8.71	0 0 -0.000149254	
8.72	0 0 -0.000160937	
8.73	0 0 -0.000172064	
8.74	0 0 -0.000182625	
8.75	0 0 -0.000192609	
8.76	0 0 -0.000202008	
8.77	0 0 -0.000210816	
8.78	0 0 -0.000219025	
8.79	0 0 -0.000226633	
8.8	0 0 -0.000233635	
8.81	0 0 -0.000240029	
8.82	0 0 -0.000245816	
8.83	0 0 -0.000250995	
8.84	0 0 -0.000255569	
8.85	0 0 -0.00025954	
8.86	0 0 -0.000262913	
8.87	0 0 -0.000265692	
8.88	0 0 -0.000267885	
8.89	0 0 -0.000269497	
8.9	0 0 -0.000270539	
8.91	0 0 -0.000271018	
8.92	0 0 -0.000270946	
8.93	0 0 -0.000270334	
8.94	0 0 -0.000269193	
8.95	0 0 -0.000267537	
8.96	0 0 -0.000265378	
8.97	0 0 -0.000262732	
8.98	0 0 -0.000259614	
8.99	0 0 -0.000256038	
9	0 0 -0.000252022	
9.01	0 0 -0.000247583	
9.02	0 0 -0.000242736	
9.03	0 0 -0.000237502	
9.04	0 0 -0.000231897	
9.05	0 0 -0.00022594	
9.06	0 0 -0.000219651	
9.07	0 0 -0.000213048	
9.08	0 0 -0.000206151	
9.09	0 0 -0.00019898	
9.1	0 0 -0.000191554	
9.11	0 0 -0.000183894	
9.12	0 0 -0.000176019	
9.13	0 0 -0.000167949	
9.14	0 0 -0.000159705	
9.15	0 0 -0.000151307	
9.16	0 0 -0.000142773	
9.17	0 0 -0.000134125	
9.18	0 0 -0.000125382	
9.19	0 0 -0.000116563	
9.2	0 0 -0.000107687	
9.21	0 0 -9.87727e-05	
9.22	0 0 -8.98395e-05	
9.23	0 0 -8.09054e-05	
9.24	0 0 -7.19881e-05	
9.25	0 0 -6.31052e-05	
9.26	0 0 -5.42737e-05	
9.27	0 0 -4.55104e-05	
9.28	0 0 -3.68312e-05	
9.29	0 0 -2.8252e-05	
9.3	0 0 -1.97879e-05	
9.31	0 0 -1.14535e-05	
9.32	0 0 -3.26282e-06	
9.33	0 0 4.77054e-06	
9.34	0 0 1.26337e-05	
9.35	0 0 2.03143e-05	
9.36	0 0 2.78007e-05	
9.37	0 0 3.50817e-05	
9.38	0 0 4.2147e-05	
9.39	0 0 4.89867e-05	
9.4	0 0 5.55916e-05	
9.41	0 0 6.19532e-05	
9.42	0 0 6.80636e-05	
9.43	0 0 7.39158e-05	
9.44	0 0 7.95031e-05	
9.45	0 0 8.48196e-05	
9.46	0 0 8.98601e-05	
9.47	0 0 9.46201e-05	
9.48	0 0 9.90957e-05	
9.49	0 0 0.000103284	
9.5	0 0 0.000107181	
9.51	0 0 0.000110786	
9.52	0 0 0.000114098	
9.53	0 0 0.000117115	
9.54	0 0 0.000119838	
9.55	0 0 0.000122266	
9.56	0 0 0.000124401	
9.57	0 0 0.000126245	
9.58	0 0 0.0001278	
9.59	0 0 0.000129067	
9.6	0 0 0.000130052	
9.61	0 0 0.000130756	
9.62	0 0 0.000131185	
9.63	0 0 0.000131343	
9.64	0 0 0.000131235	
9.65	0 0 0.000130867	
9.66	0 0 0.000130244	
9.67	0 0 0.000129374	
9.68	0 0 0.000128262	
9.69	0 0 0.000126915	
9.7	0 0 0.000125342	
9.71	0 0 0.00012355	
9.72	0 0 0.000121546	
9.73	0 0 0.00011934	
9.74	0 0 0.000116938	
9.75	0 0 0.000114351	
9.76	0 0 0.000111587	
9.77	0 0 0.000108655	
9.78	0 0 0.000105565	
9.79	0 0 0.000102325	
9.8	0 0 9.89453e-05	
9.81	0 0 9.54352e-05	
9.82	0 0 9.18045e-05	
9.83	0 0 8.80628e-05	
9.84	0 0 8.42198e-05	
9.85	0 0 8.02853e-05	
9.86	0 0 7.62688e-05	
9.87	0 0 7.21801e-05	
9.88	0 0 6.80289e-05	
9.89	0 0 6.38246e-05	
9.9	0 0 5.95768e-05	
9.91	0 0 5.52947e-05	
9.92	0 0 5.09877e-05	
9.93	0 0 4.66649e-05	
9.94	0 0 4.23352e-05	
9.95	0 0 3.80074e-05	
9.96	0 0 3.36902e-05	
9.97	0 0 2.93919e-05	
9.98	0 0 2.51208e-05	
9.99	0 0 2.08849e-05	
10	0 0 1.66919e-05	
10.01	0 0 1.25495e-05	
10.02	0 0 8.46472e-06	
10.03	0 0 4.44475e-06	
10.04	0 0 4.96288e-07	
10.05	0 0 -3.3742e-06	
10.06	0 0 -7.16052e-06	
10.07	0 0 -1.08568e-05	
10.08	0 0 -1.44574e-05	
10.09	0 0 -1.79572e-05	
10.1	0 0 -2.1351e-05	
10.11	0 0 -2.46342e-05	
10.12	0 0 -2.78025e-05	
10.13	0 0 -3.08518e-05	
10.14	0 0 -3.37784e-05	
10.15	0 0 -3.6579e-05	
10.16	0 0 -3.92503e-05	
10.17	0 0 -4.17898e-05	
10.18	0 0 -4.41949e-05	
10.19	0 0 -4.64634e-05	
10.2	0 0 -4.85937e-05	
10.21	0 0 -5.05842e-05	
10.22	0 0 -5.24337e-05	
10.23	0 0 -5.41414e-05	
10.24	0 0 -5.57066e-05	
10.25	0 0 -5.71291e-05	
10.26	0 0 -5.84089e-05	
10.27	0 0 -5.95463e-05	
10.28	0 0 -6.05418e-05	
10.29	0 0 -6.13964e-05	
10.3	0 0 -6.21111e-05	
10.31	0 0 -6.26872e-05	
10.32	0 0 -6.31264e-05	
10.33	0 0 -6.34307e-05	
10.34	0 0 -6.36019e-05	
10.35	0 0 -6.36426e-05	
10.36	0 0 -6.35551e-05	
10.37	0 0 -6.33423e-05	
10.38	0 0 -6.3007e-05	
10.39	0 0 -6.25525e-05	
10.4	0 0 -6.19819e-05	
10.41	0 0 -6.12988e-05	
10.42	0 0 -6.05067e-05	
10.43	0 0 -5.96095e-05	
10.44	0 0 -5.8611e-05	
10.45	0 0 -5.75152e-05	
10.46	0 0 -5.63264e-05	
10.47	0 0 -5.50486e-05	
10.48	0 0 -5.36863e-05	
10.49	0 0 -5.22439e-05	
10.5	0 0 -5.07258e-05	
10.51	0 0 -4.91367e-05	
10.52	0 0 -4.74811e-05	
10.53	0 0 -4.57636e-05	
10.54	0 0 -4.39889e-05	
10.55	0 0 -4.21618e-05	
10.56	0 0 -4.02868e-05	
10.57	0 0 -3.83688e-05	
10.58	0 0 -3.64124e-05	
10.59	0 0 -3.44224e-05	
10.6	0 0 -3.24032e-05	
10.61	0 0 -3.03597e-05	
10.62	0 0 -2.82963e-05	
10.63	0 0 -2.62176e-05	
10.64	0 0 -2.4128e-05	
10.65	0 0 -2.20319e-05	
10.66	0 0 -1.99338e-05	
10.67	0 0 -1.78377e-05	
10.68	0 0 -1.57478e-05	
10.69	0 0 -1.36683e-05	
10.7	0 0 -1.1603e-05	
10.71	0 0 -9.5558e-06	
10.72	0 0 -7.53044e-06	
10.73	0 0 -5.53053e-06	
10.74	0 0 -3.55955e-06	
10.75	0 0 -1.62088e-06	
10.76	0 0 2.82261e-07	
10.77	0 0 2.14678e-06	
10.78	0 0 3.96971e-06	
10.79	0 0 5.74824e-06	
10.8	0 0 7.47971e-06	
10.81	0 0 9.16158e-06	
10.82	0 0 1.07915e-05	
