# Gnuplot File : positions of 1 particle(s) Monitored
# 1st Column : time, others : particle(s) number 1 
0.01	0 0 -1.00098	
0.02	0 0 -1.00292	
0.03	0 0 -1.0058	
0.04	0 0 -1.00959	
0.05	0 0 -1.01426	
0.06	0 0 -1.0198	
0.07	0 0 -1.02616	
0.08	0 0 -1.03333	
0.09	0 0 -1.04126	
0.1	0 0 -1.04994	
0.11	0 0 -1.05932	
0.12	0 0 -1.06938	
0.13	0 0 -1.08008	
0.14	0 0 -1.09139	
0.15	0 0 -1.10327	
0.16	0 0 -1.11568	
0.17	0 0 -1.1286	
0.18	0 0 -1.14198	
0.19	0 0 -1.15579	
0.2	0 0 -1.17	
0.21	0 0 -1.18456	
0.22	0 0 -1.19944	
0.23	0 0 -1.21461	
0.24	0 0 -1.23003	
0.25	0 0 -1.24565	
0.26	0 0 -1.26146	
0.27	0 0 -1.27741	
0.28	0 0 -1.29346	
0.29	0 0 -1.30959	
0.3	0 0 -1.32576	
0.31	0 0 -1.34193	
0.32	0 0 -1.35808	
0.33	0 0 -1.37416	
0.34	0 0 -1.39016	
0.35	0 0 -1.40604	
0.36	0 0 -1.42177	
0.37	0 0 -1.43733	
0.38	0 0 -1.45268	
0.39	0 0 -1.4678	
0.4	0 0 -1.48266	
0.41	0 0 -1.49724	
0.42	0 0 -1.51151	
0.43	0 0 -1.52546	
0.44	0 0 -1.53906	
0.45	0 0 -1.55229	
0.46	0 0 -1.56513	
0.47	0 0 -1.57756	
0.48	0 0 -1.58957	
0.49	0 0 -1.60115	
0.5	0 0 -1.61227	
0.51	0 0 -1.62292	
0.52	0 0 -1.6331	
0.53	0 0 -1.64279	
0.54	0 0 -1.65198	
0.55	0 0 -1.66066	
0.56	0 0 -1.66883	
0.57	0 0 -1.67648	
0.58	0 0 -1.6836	
0.59	0 0 -1.6902	
0.6	0 0 -1.69626	
0.61	0 0 -1.7018	
0.62	0 0 -1.70679	
0.63	0 0 -1.71126	
0.64	0 0 -1.71519	
0.65	0 0 -1.7186	
0.66	0 0 -1.72148	
0.67	0 0 -1.72385	
0.68	0 0 -1.72569	
0.69	0 0 -1.72704	
0.7	0 0 -1.72788	
0.71	0 0 -1.72823	
0.72	0 0 -1.72809	
0.73	0 0 -1.72749	
0.74	0 0 -1.72642	
0.75	0 0 -1.72491	
0.76	0 0 -1.72295	
0.77	0 0 -1.72057	
0.78	0 0 -1.71777	
0.79	0 0 -1.71458	
0.8	0 0 -1.711	
0.81	0 0 -1.70706	
0.82	0 0 -1.70276	
0.83	0 0 -1.69812	
0.84	0 0 -1.69316	
0.85	0 0 -1.68789	
0.86	0 0 -1.68233	
0.87	0 0 -1.6765	
0.88	0 0 -1.67042	
0.89	0 0 -1.66409	
0.9	0 0 -1.65755	
0.91	0 0 -1.6508	
0.92	0 0 -1.64387	
0.93	0 0 -1.63677	
0.94	0 0 -1.62952	
0.95	0 0 -1.62213	
0.96	0 0 -1.61463	
0.97	0 0 -1.60703	
0.98	0 0 -1.59935	
0.99	0 0 -1.59161	
1	0 0 -1.58382	
1.01	0 0 -1.576	
1.02	0 0 -1.56816	
1.03	0 0 -1.56033	
1.04	0 0 -1.55251	
1.05	0 0 -1.54472	
1.06	0 0 -1.53698	
1.07	0 0 -1.52931	
1.08	0 0 -1.52171	
1.09	0 0 -1.5142	
1.1	0 0 -1.50679	
1.11	0 0 -1.4995	
1.12	0 0 -1.49233	
1.13	0 0 -1.48531	
1.14	0 0 -1.47843	
1.15	0 0 -1.47172	
1.16	0 0 -1.46518	
1.17	0 0 -1.45882	
1.18	0 0 -1.45265	
1.19	0 0 -1.44668	
1.2	0 0 -1.44092	
1.21	0 0 -1.43537	
1.22	0 0 -1.43004	
1.23	0 0 -1.42494	
1.24	0 0 -1.42008	
1.25	0 0 -1.41545	
1.26	0 0 -1.41106	
1.27	0 0 -1.40693	
1.28	0 0 -1.40304	
1.29	0 0 -1.3994	
1.3	0 0 -1.39602	
1.31	0 0 -1.39289	
1.32	0 0 -1.39003	
1.33	0 0 -1.38742	
1.34	0 0 -1.38507	
1.35	0 0 -1.38297	
1.36	0 0 -1.38114	
1.37	0 0 -1.37956	
1.38	0 0 -1.37823	
1.39	0 0 -1.37716	
1.4	0 0 -1.37633	
1.41	0 0 -1.37575	
1.42	0 0 -1.3754	
1.43	0 0 -1.3753	
1.44	0 0 -1.37543	
1.45	0 0 -1.37578	
1.46	0 0 -1.37636	
1.47	0 0 -1.37716	
1.48	0 0 -1.37816	
1.49	0 0 -1.37937	
1.5	0 0 -1.38078	
1.51	0 0 -1.38238	
1.52	0 0 -1.38416	
1.53	0 0 -1.38612	
1.54	0 0 -1.38825	
1.55	0 0 -1.39055	
1.56	0 0 -1.39299	
1.57	0 0 -1.39558	
1.58	0 0 -1.39831	
1.59	0 0 -1.40117	
1.6	0 0 -1.40416	
1.61	0 0 -1.40725	
1.62	0 0 -1.41045	
1.63	0 0 -1.41374	
1.64	0 0 -1.41713	
1.65	0 0 -1.42059	
1.66	0 0 -1.42412	
1.67	0 0 -1.42772	
1.68	0 0 -1.43136	
1.69	0 0 -1.43506	
1.7	0 0 -1.43879	
1.71	0 0 -1.44255	
1.72	0 0 -1.44633	
1.73	0 0 -1.45012	
1.74	0 0 -1.45392	
1.75	0 0 -1.45771	
1.76	0 0 -1.4615	
1.77	0 0 -1.46527	
1.78	0 0 -1.46901	
1.79	0 0 -1.47272	
1.8	0 0 -1.47639	
1.81	0 0 -1.48002	
1.82	0 0 -1.48359	
1.83	0 0 -1.48711	
1.84	0 0 -1.49056	
1.85	0 0 -1.49395	
1.86	0 0 -1.49726	
1.87	0 0 -1.50049	
1.88	0 0 -1.50363	
1.89	0 0 -1.50669	
1.9	0 0 -1.50965	
1.91	0 0 -1.51252	
1.92	0 0 -1.51528	
1.93	0 0 -1.51794	
1.94	0 0 -1.52049	
1.95	0 0 -1.52293	
1.96	0 0 -1.52526	
1.97	0 0 -1.52747	
1.98	0 0 -1.52956	
1.99	0 0 -1.53153	
2	0 0 -1.53338	
2.01	0 0 -1.53511	
2.02	0 0 -1.53671	
2.03	0 0 -1.53819	
2.04	0 0 -1.53955	
2.05	0 0 -1.54078	
2.06	0 0 -1.54188	
2.07	0 0 -1.54286	
2.08	0 0 -1.54372	
2.09	0 0 -1.54445	
2.1	0 0 -1.54506	
2.11	0 0 -1.54555	
2.12	0 0 -1.54591	
2.13	0 0 -1.54616	
2.14	0 0 -1.5463	
2.15	0 0 -1.54632	
2.16	0 0 -1.54622	
2.17	0 0 -1.54602	
2.18	0 0 -1.54571	
2.19	0 0 -1.5453	
2.2	0 0 -1.54478	
2.21	0 0 -1.54417	
2.22	0 0 -1.54346	
2.23	0 0 -1.54266	
2.24	0 0 -1.54177	
2.25	0 0 -1.5408	
2.26	0 0 -1.53975	
2.27	0 0 -1.53861	
2.28	0 0 -1.53741	
2.29	0 0 -1.53613	
2.3	0 0 -1.53479	
2.31	0 0 -1.53339	
2.32	0 0 -1.53193	
2.33	0 0 -1.53042	
2.34	0 0 -1.52885	
2.35	0 0 -1.52724	
2.36	0 0 -1.52559	
2.37	0 0 -1.52391	
2.38	0 0 -1.52219	
2.39	0 0 -1.52044	
2.4	0 0 -1.51866	
2.41	0 0 -1.51687	
2.42	0 0 -1.51505	
2.43	0 0 -1.51323	
2.44	0 0 -1.5114	
2.45	0 0 -1.50956	
2.46	0 0 -1.50772	
2.47	0 0 -1.50588	
2.48	0 0 -1.50405	
2.49	0 0 -1.50222	
2.5	0 0 -1.50042	
2.51	0 0 -1.49862	
2.52	0 0 -1.49685	
2.53	0 0 -1.4951	
2.54	0 0 -1.49337	
2.55	0 0 -1.49168	
2.56	0 0 -1.49001	
2.57	0 0 -1.48838	
2.58	0 0 -1.48679	
2.59	0 0 -1.48524	
2.6	0 0 -1.48372	
2.61	0 0 -1.48225	
2.62	0 0 -1.48083	
2.63	0 0 -1.47946	
2.64	0 0 -1.47813	
2.65	0 0 -1.47686	
2.66	0 0 -1.47564	
2.67	0 0 -1.47447	
2.68	0 0 -1.47336	
2.69	0 0 -1.4723	
2.7	0 0 -1.4713	
2.71	0 0 -1.47036	
2.72	0 0 -1.46948	
2.73	0 0 -1.46866	
2.74	0 0 -1.4679	
2.75	0 0 -1.4672	
2.76	0 0 -1.46656	
2.77	0 0 -1.46598	
2.78	0 0 -1.46546	
2.79	0 0 -1.46501	
2.8	0 0 -1.46461	
2.81	0 0 -1.46427	
2.82	0 0 -1.46399	
2.83	0 0 -1.46377	
2.84	0 0 -1.46361	
2.85	0 0 -1.4635	
2.86	0 0 -1.46345	
2.87	0 0 -1.46346	
2.88	0 0 -1.46352	
2.89	0 0 -1.46363	
2.9	0 0 -1.4638	
2.91	0 0 -1.46401	
2.92	0 0 -1.46427	
2.93	0 0 -1.46458	
2.94	0 0 -1.46494	
2.95	0 0 -1.46534	
2.96	0 0 -1.46578	
2.97	0 0 -1.46626	
2.98	0 0 -1.46679	
2.99	0 0 -1.46734	
3	0 0 -1.46794	
3.01	0 0 -1.46856	
3.02	0 0 -1.46922	
3.03	0 0 -1.46991	
3.04	0 0 -1.47062	
3.05	0 0 -1.47137	
3.06	0 0 -1.47213	
3.07	0 0 -1.47291	
3.08	0 0 -1.47372	
3.09	0 0 -1.47454	
3.1	0 0 -1.47538	
3.11	0 0 -1.47623	
3.12	0 0 -1.47709	
3.13	0 0 -1.47797	
3.14	0 0 -1.47885	
3.15	0 0 -1.47973	
3.16	0 0 -1.48062	
3.17	0 0 -1.48151	
3.18	0 0 -1.4824	
3.19	0 0 -1.48329	
3.2	0 0 -1.48418	
3.21	0 0 -1.48506	
3.22	0 0 -1.48594	
3.23	0 0 -1.4868	
3.24	0 0 -1.48766	
3.25	0 0 -1.4885	
3.26	0 0 -1.48934	
3.27	0 0 -1.49015	
3.28	0 0 -1.49096	
3.29	0 0 -1.49174	
3.3	0 0 -1.49251	
3.31	0 0 -1.49326	
3.32	0 0 -1.49398	
3.33	0 0 -1.49469	
3.34	0 0 -1.49537	
3.35	0 0 -1.49603	
3.36	0 0 -1.49667	
3.37	0 0 -1.49728	
3.38	0 0 -1.49786	
3.39	0 0 -1.49842	
3.4	0 0 -1.49895	
3.41	0 0 -1.49946	
3.42	0 0 -1.49993	
3.43	0 0 -1.50038	
3.44	0 0 -1.5008	
3.45	0 0 -1.50119	
3.46	0 0 -1.50155	
3.47	0 0 -1.50188	
3.48	0 0 -1.50218	
3.49	0 0 -1.50245	
3.5	0 0 -1.5027	
3.51	0 0 -1.50291	
3.52	0 0 -1.50309	
3.53	0 0 -1.50325	
3.54	0 0 -1.50338	
3.55	0 0 -1.50348	
3.56	0 0 -1.50355	
3.57	0 0 -1.50359	
3.58	0 0 -1.50361	
3.59	0 0 -1.5036	
3.6	0 0 -1.50356	
3.61	0 0 -1.5035	
3.62	0 0 -1.50341	
3.63	0 0 -1.5033	
3.64	0 0 -1.50317	
3.65	0 0 -1.50301	
3.66	0 0 -1.50283	
3.67	0 0 -1.50263	
3.68	0 0 -1.50242	
3.69	0 0 -1.50218	
3.7	0 0 -1.50192	
3.71	0 0 -1.50164	
3.72	0 0 -1.50135	
3.73	0 0 -1.50104	
3.74	0 0 -1.50072	
3.75	0 0 -1.50038	
3.76	0 0 -1.50003	
3.77	0 0 -1.49967	
3.78	0 0 -1.4993	
3.79	0 0 -1.49891	
3.8	0 0 -1.49852	
3.81	0 0 -1.49812	
3.82	0 0 -1.49771	
3.83	0 0 -1.4973	
3.84	0 0 -1.49688	
3.85	0 0 -1.49646	
3.86	0 0 -1.49603	
3.87	0 0 -1.4956	
3.88	0 0 -1.49517	
3.89	0 0 -1.49474	
3.9	0 0 -1.4943	
3.91	0 0 -1.49387	
3.92	0 0 -1.49344	
3.93	0 0 -1.49302	
3.94	0 0 -1.49259	
3.95	0 0 -1.49218	
3.96	0 0 -1.49176	
3.97	0 0 -1.49135	
3.98	0 0 -1.49095	
3.99	0 0 -1.49056	
4	0 0 -1.49017	
4.01	0 0 -1.48979	
4.02	0 0 -1.48943	
4.03	0 0 -1.48907	
4.04	0 0 -1.48872	
4.05	0 0 -1.48838	
4.06	0 0 -1.48805	
4.07	0 0 -1.48773	
4.08	0 0 -1.48743	
4.09	0 0 -1.48714	
4.1	0 0 -1.48686	
4.11	0 0 -1.48659	
4.12	0 0 -1.48634	
4.13	0 0 -1.4861	
4.14	0 0 -1.48587	
4.15	0 0 -1.48566	
4.16	0 0 -1.48546	
4.17	0 0 -1.48527	
4.18	0 0 -1.4851	
4.19	0 0 -1.48494	
4.2	0 0 -1.4848	
4.21	0 0 -1.48467	
4.22	0 0 -1.48456	
4.23	0 0 -1.48446	
4.24	0 0 -1.48438	
4.25	0 0 -1.4843	
4.26	0 0 -1.48425	
4.27	0 0 -1.4842	
4.28	0 0 -1.48417	
4.29	0 0 -1.48415	
4.3	0 0 -1.48415	
4.31	0 0 -1.48416	
4.32	0 0 -1.48418	
4.33	0 0 -1.48421	
4.34	0 0 -1.48426	
4.35	0 0 -1.48431	
4.36	0 0 -1.48438	
4.37	0 0 -1.48446	
4.38	0 0 -1.48455	
4.39	0 0 -1.48465	
4.4	0 0 -1.48476	
4.41	0 0 -1.48488	
4.42	0 0 -1.485	
4.43	0 0 -1.48514	
4.44	0 0 -1.48528	
4.45	0 0 -1.48543	
4.46	0 0 -1.48559	
4.47	0 0 -1.48576	
4.48	0 0 -1.48593	
4.49	0 0 -1.48611	
4.5	0 0 -1.48629	
4.51	0 0 -1.48647	
4.52	0 0 -1.48667	
4.53	0 0 -1.48686	
4.54	0 0 -1.48706	
4.55	0 0 -1.48726	
4.56	0 0 -1.48747	
4.57	0 0 -1.48767	
4.58	0 0 -1.48788	
4.59	0 0 -1.48809	
4.6	0 0 -1.4883	
4.61	0 0 -1.48851	
4.62	0 0 -1.48871	
4.63	0 0 -1.48892	
4.64	0 0 -1.48913	
4.65	0 0 -1.48934	
4.66	0 0 -1.48954	
4.67	0 0 -1.48974	
4.68	0 0 -1.48994	
4.69	0 0 -1.49014	
4.7	0 0 -1.49033	
4.71	0 0 -1.49052	
4.72	0 0 -1.49071	
4.73	0 0 -1.49089	
4.74	0 0 -1.49107	
4.75	0 0 -1.49124	
4.76	0 0 -1.49141	
4.77	0 0 -1.49157	
4.78	0 0 -1.49173	
4.79	0 0 -1.49188	
4.8	0 0 -1.49203	
4.81	0 0 -1.49217	
4.82	0 0 -1.4923	
4.83	0 0 -1.49243	
4.84	0 0 -1.49255	
4.85	0 0 -1.49267	
4.86	0 0 -1.49277	
4.87	0 0 -1.49287	
4.88	0 0 -1.49297	
4.89	0 0 -1.49306	
4.9	0 0 -1.49314	
4.91	0 0 -1.49321	
4.92	0 0 -1.49328	
4.93	0 0 -1.49334	
4.94	0 0 -1.49339	
4.95	0 0 -1.49344	
4.96	0 0 -1.49348	
4.97	0 0 -1.49351	
4.98	0 0 -1.49354	
4.99	0 0 -1.49356	
5	0 0 -1.49357	
5.01	0 0 -1.49358	
5.02	0 0 -1.49358	
5.03	0 0 -1.49357	
5.04	0 0 -1.49356	
5.05	0 0 -1.49354	
5.06	0 0 -1.49352	
5.07	0 0 -1.49349	
5.08	0 0 -1.49346	
5.09	0 0 -1.49342	
5.1	0 0 -1.49337	
5.11	0 0 -1.49332	
5.12	0 0 -1.49327	
5.13	0 0 -1.49321	
5.14	0 0 -1.49315	
5.15	0 0 -1.49308	
5.16	0 0 -1.49301	
5.17	0 0 -1.49293	
5.18	0 0 -1.49286	
5.19	0 0 -1.49278	
5.2	0 0 -1.49269	
5.21	0 0 -1.49261	
5.22	0 0 -1.49252	
5.23	0 0 -1.49242	
5.24	0 0 -1.49233	
5.25	0 0 -1.49224	
5.26	0 0 -1.49214	
5.27	0 0 -1.49204	
5.28	0 0 -1.49194	
5.29	0 0 -1.49184	
5.3	0 0 -1.49174	
5.31	0 0 -1.49164	
5.32	0 0 -1.49154	
5.33	0 0 -1.49144	
5.34	0 0 -1.49134	
5.35	0 0 -1.49124	
5.36	0 0 -1.49114	
5.37	0 0 -1.49104	
5.38	0 0 -1.49094	
5.39	0 0 -1.49084	
5.4	0 0 -1.49074	
5.41	0 0 -1.49065	
5.42	0 0 -1.49056	
5.43	0 0 -1.49046	
5.44	0 0 -1.49037	
5.45	0 0 -1.49029	
5.46	0 0 -1.4902	
5.47	0 0 -1.49012	
5.48	0 0 -1.49004	
5.49	0 0 -1.48996	
5.5	0 0 -1.48988	
5.51	0 0 -1.48981	
5.52	0 0 -1.48974	
5.53	0 0 -1.48967	
5.54	0 0 -1.48961	
5.55	0 0 -1.48955	
5.56	0 0 -1.48949	
5.57	0 0 -1.48944	
5.58	0 0 -1.48938	
5.59	0 0 -1.48934	
5.6	0 0 -1.48929	
5.61	0 0 -1.48925	
5.62	0 0 -1.48921	
5.63	0 0 -1.48918	
5.64	0 0 -1.48915	
5.65	0 0 -1.48912	
5.66	0 0 -1.48909	
5.67	0 0 -1.48907	
5.68	0 0 -1.48905	
5.69	0 0 -1.48904	
5.7	0 0 -1.48903	
5.71	0 0 -1.48902	
5.72	0 0 -1.48901	
5.73	0 0 -1.48901	
5.74	0 0 -1.48901	
5.75	0 0 -1.48901	
5.76	0 0 -1.48902	
5.77	0 0 -1.48903	
5.78	0 0 -1.48904	
5.79	0 0 -1.48906	
5.8	0 0 -1.48907	
5.81	0 0 -1.48909	
5.82	0 0 -1.48912	
5.83	0 0 -1.48914	
5.84	0 0 -1.48917	
5.85	0 0 -1.4892	
5.86	0 0 -1.48923	
5.87	0 0 -1.48926	
5.88	0 0 -1.48929	
5.89	0 0 -1.48933	
5.9	0 0 -1.48937	
5.91	0 0 -1.48941	
5.92	0 0 -1.48945	
5.93	0 0 -1.48949	
5.94	0 0 -1.48954	
5.95	0 0 -1.48958	
5.96	0 0 -1.48963	
5.97	0 0 -1.48967	
5.98	0 0 -1.48972	
5.99	0 0 -1.48977	
6	0 0 -1.48981	
6.01	0 0 -1.48986	
6.02	0 0 -1.48991	
6.03	0 0 -1.48996	
6.04	0 0 -1.49001	
6.05	0 0 -1.49006	
6.06	0 0 -1.49011	
6.07	0 0 -1.49016	
6.08	0 0 -1.49021	
6.09	0 0 -1.49025	
6.1	0 0 -1.4903	
6.11	0 0 -1.49035	
6.12	0 0 -1.49039	
6.13	0 0 -1.49044	
6.14	0 0 -1.49049	
6.15	0 0 -1.49053	
6.16	0 0 -1.49057	
6.17	0 0 -1.49062	
6.18	0 0 -1.49066	
6.19	0 0 -1.4907	
6.2	0 0 -1.49073	
6.21	0 0 -1.49077	
6.22	0 0 -1.49081	
6.23	0 0 -1.49084	
6.24	0 0 -1.49088	
6.25	0 0 -1.49091	
6.26	0 0 -1.49094	
6.27	0 0 -1.49097	
6.28	0 0 -1.491	
6.29	0 0 -1.49102	
6.3	0 0 -1.49105	
6.31	0 0 -1.49107	
6.32	0 0 -1.49109	
6.33	0 0 -1.49111	
6.34	0 0 -1.49113	
6.35	0 0 -1.49115	
6.36	0 0 -1.49116	
6.37	0 0 -1.49117	
6.38	0 0 -1.49119	
6.39	0 0 -1.4912	
6.4	0 0 -1.4912	
6.41	0 0 -1.49121	
6.42	0 0 -1.49122	
6.43	0 0 -1.49122	
6.44	0 0 -1.49122	
6.45	0 0 -1.49122	
6.46	0 0 -1.49122	
6.47	0 0 -1.49122	
6.48	0 0 -1.49122	
6.49	0 0 -1.49121	
6.5	0 0 -1.49121	
6.51	0 0 -1.4912	
6.52	0 0 -1.49119	
6.53	0 0 -1.49118	
6.54	0 0 -1.49117	
6.55	0 0 -1.49116	
6.56	0 0 -1.49114	
6.57	0 0 -1.49113	
6.58	0 0 -1.49111	
6.59	0 0 -1.4911	
6.6	0 0 -1.49108	
6.61	0 0 -1.49106	
6.62	0 0 -1.49104	
6.63	0 0 -1.49102	
6.64	0 0 -1.491	
6.65	0 0 -1.49098	
6.66	0 0 -1.49096	
6.67	0 0 -1.49094	
6.68	0 0 -1.49092	
6.69	0 0 -1.4909	
6.7	0 0 -1.49087	
6.71	0 0 -1.49085	
6.72	0 0 -1.49083	
6.73	0 0 -1.4908	
6.74	0 0 -1.49078	
6.75	0 0 -1.49075	
6.76	0 0 -1.49073	
6.77	0 0 -1.49071	
6.78	0 0 -1.49068	
6.79	0 0 -1.49066	
6.8	0 0 -1.49064	
6.81	0 0 -1.49061	
6.82	0 0 -1.49059	
6.83	0 0 -1.49057	
6.84	0 0 -1.49054	
6.85	0 0 -1.49052	
6.86	0 0 -1.4905	
6.87	0 0 -1.49048	
6.88	0 0 -1.49046	
6.89	0 0 -1.49044	
6.9	0 0 -1.49042	
6.91	0 0 -1.4904	
6.92	0 0 -1.49038	
6.93	0 0 -1.49036	
6.94	0 0 -1.49035	
6.95	0 0 -1.49033	
6.96	0 0 -1.49031	
6.97	0 0 -1.4903	
6.98	0 0 -1.49028	
6.99	0 0 -1.49027	
7	0 0 -1.49026	
7.01	0 0 -1.49024	
7.02	0 0 -1.49023	
7.03	0 0 -1.49022	
7.04	0 0 -1.49021	
7.05	0 0 -1.4902	
7.06	0 0 -1.49019	
7.07	0 0 -1.49019	
7.08	0 0 -1.49018	
7.09	0 0 -1.49017	
7.1	0 0 -1.49017	
7.11	0 0 -1.49016	
7.12	0 0 -1.49016	
7.13	0 0 -1.49015	
7.14	0 0 -1.49015	
7.15	0 0 -1.49015	
7.16	0 0 -1.49015	
7.17	0 0 -1.49015	
7.18	0 0 -1.49015	
7.19	0 0 -1.49015	
7.2	0 0 -1.49015	
7.21	0 0 -1.49016	
7.22	0 0 -1.49016	
7.23	0 0 -1.49016	
7.24	0 0 -1.49017	
7.25	0 0 -1.49017	
7.26	0 0 -1.49018	
7.27	0 0 -1.49018	
7.28	0 0 -1.49019	
7.29	0 0 -1.4902	
7.3	0 0 -1.49021	
7.31	0 0 -1.49021	
7.32	0 0 -1.49022	
7.33	0 0 -1.49023	
7.34	0 0 -1.49024	
7.35	0 0 -1.49025	
7.36	0 0 -1.49026	
7.37	0 0 -1.49027	
7.38	0 0 -1.49028	
7.39	0 0 -1.49029	
7.4	0 0 -1.4903	
7.41	0 0 -1.49031	
7.42	0 0 -1.49032	
7.43	0 0 -1.49033	
7.44	0 0 -1.49035	
7.45	0 0 -1.49036	
7.46	0 0 -1.49037	
7.47	0 0 -1.49038	
7.48	0 0 -1.49039	
7.49	0 0 -1.4904	
7.5	0 0 -1.49041	
7.51	0 0 -1.49043	
7.52	0 0 -1.49044	
7.53	0 0 -1.49045	
7.54	0 0 -1.49046	
7.55	0 0 -1.49047	
7.56	0 0 -1.49048	
7.57	0 0 -1.49049	
7.58	0 0 -1.4905	
7.59	0 0 -1.49051	
7.6	0 0 -1.49052	
7.61	0 0 -1.49053	
7.62	0 0 -1.49054	
7.63	0 0 -1.49055	
7.64	0 0 -1.49056	
7.65	0 0 -1.49057	
7.66	0 0 -1.49058	
7.67	0 0 -1.49059	
7.68	0 0 -1.49059	
7.69	0 0 -1.4906	
7.7	0 0 -1.49061	
7.71	0 0 -1.49061	
7.72	0 0 -1.49062	
7.73	0 0 -1.49063	
7.74	0 0 -1.49063	
7.75	0 0 -1.49064	
7.76	0 0 -1.49064	
7.77	0 0 -1.49065	
7.78	0 0 -1.49065	
7.79	0 0 -1.49065	
7.8	0 0 -1.49066	
7.81	0 0 -1.49066	
7.82	0 0 -1.49066	
7.83	0 0 -1.49066	
7.84	0 0 -1.49067	
7.85	0 0 -1.49067	
7.86	0 0 -1.49067	
7.87	0 0 -1.49067	
7.88	0 0 -1.49067	
7.89	0 0 -1.49067	
7.9	0 0 -1.49067	
7.91	0 0 -1.49067	
7.92	0 0 -1.49067	
7.93	0 0 -1.49067	
7.94	0 0 -1.49066	
7.95	0 0 -1.49066	
7.96	0 0 -1.49066	
7.97	0 0 -1.49066	
7.98	0 0 -1.49066	
7.99	0 0 -1.49065	
8	0 0 -1.49065	
8.01	0 0 -1.49065	
8.02	0 0 -1.49064	
8.03	0 0 -1.49064	
8.04	0 0 -1.49063	
8.05	0 0 -1.49063	
8.06	0 0 -1.49062	
8.07	0 0 -1.49062	
8.08	0 0 -1.49062	
8.09	0 0 -1.49061	
8.1	0 0 -1.49061	
8.11	0 0 -1.4906	
8.12	0 0 -1.4906	
8.13	0 0 -1.49059	
8.14	0 0 -1.49058	
8.15	0 0 -1.49058	
8.16	0 0 -1.49057	
8.17	0 0 -1.49057	
8.18	0 0 -1.49056	
8.19	0 0 -1.49056	
8.2	0 0 -1.49055	
8.21	0 0 -1.49055	
8.22	0 0 -1.49054	
8.23	0 0 -1.49053	
8.24	0 0 -1.49053	
8.25	0 0 -1.49052	
8.26	0 0 -1.49052	
8.27	0 0 -1.49051	
8.28	0 0 -1.49051	
8.29	0 0 -1.4905	
8.3	0 0 -1.4905	
8.31	0 0 -1.49049	
8.32	0 0 -1.49049	
8.33	0 0 -1.49048	
8.34	0 0 -1.49048	
8.35	0 0 -1.49047	
8.36	0 0 -1.49047	
8.37	0 0 -1.49047	
8.38	0 0 -1.49046	
8.39	0 0 -1.49046	
8.4	0 0 -1.49045	
8.41	0 0 -1.49045	
8.42	0 0 -1.49045	
8.43	0 0 -1.49044	
8.44	0 0 -1.49044	
8.45	0 0 -1.49044	
8.46	0 0 -1.49044	
8.47	0 0 -1.49043	
8.48	0 0 -1.49043	
8.49	0 0 -1.49043	
8.5	0 0 -1.49043	
8.51	0 0 -1.49043	
8.52	0 0 -1.49042	
8.53	0 0 -1.49042	
8.54	0 0 -1.49042	
8.55	0 0 -1.49042	
8.56	0 0 -1.49042	
8.57	0 0 -1.49042	
8.58	0 0 -1.49042	
8.59	0 0 -1.49042	
8.6	0 0 -1.49042	
8.61	0 0 -1.49042	
8.62	0 0 -1.49042	
8.63	0 0 -1.49042	
8.64	0 0 -1.49042	
8.65	0 0 -1.49042	
8.66	0 0 -1.49042	
8.67	0 0 -1.49042	
8.68	0 0 -1.49042	
8.69	0 0 -1.49042	
8.7	0 0 -1.49043	
8.71	0 0 -1.49043	
8.72	0 0 -1.49043	
8.73	0 0 -1.49043	
8.74	0 0 -1.49043	
8.75	0 0 -1.49043	
8.76	0 0 -1.49044	
8.77	0 0 -1.49044	
8.78	0 0 -1.49044	
8.79	0 0 -1.49044	
8.8	0 0 -1.49044	
8.81	0 0 -1.49045	
8.82	0 0 -1.49045	
8.83	0 0 -1.49045	
8.84	0 0 -1.49045	
8.85	0 0 -1.49046	
8.86	0 0 -1.49046	
8.87	0 0 -1.49046	
8.88	0 0 -1.49047	
8.89	0 0 -1.49047	
8.9	0 0 -1.49047	
8.91	0 0 -1.49047	
8.92	0 0 -1.49048	
8.93	0 0 -1.49048	
8.94	0 0 -1.49048	
8.95	0 0 -1.49048	
8.96	0 0 -1.49049	
8.97	0 0 -1.49049	
8.98	0 0 -1.49049	
8.99	0 0 -1.49049	
9	0 0 -1.4905	
9.01	0 0 -1.4905	
9.02	0 0 -1.4905	
9.03	0 0 -1.4905	
9.04	0 0 -1.49051	
9.05	0 0 -1.49051	
9.06	0 0 -1.49051	
9.07	0 0 -1.49051	
9.08	0 0 -1.49052	
9.09	0 0 -1.49052	
9.1	0 0 -1.49052	
9.11	0 0 -1.49052	
9.12	0 0 -1.49052	
9.13	0 0 -1.49052	
9.14	0 0 -1.49053	
9.15	0 0 -1.49053	
9.16	0 0 -1.49053	
9.17	0 0 -1.49053	
9.18	0 0 -1.49053	
9.19	0 0 -1.49053	
9.2	0 0 -1.49053	
9.21	0 0 -1.49053	
9.22	0 0 -1.49054	
9.23	0 0 -1.49054	
9.24	0 0 -1.49054	
9.25	0 0 -1.49054	
9.26	0 0 -1.49054	
9.27	0 0 -1.49054	
9.28	0 0 -1.49054	
9.29	0 0 -1.49054	
9.3	0 0 -1.49054	
9.31	0 0 -1.49054	
9.32	0 0 -1.49054	
9.33	0 0 -1.49054	
9.34	0 0 -1.49054	
9.35	0 0 -1.49054	
9.36	0 0 -1.49054	
9.37	0 0 -1.49054	
9.38	0 0 -1.49054	
9.39	0 0 -1.49054	
9.4	0 0 -1.49054	
9.41	0 0 -1.49054	
9.42	0 0 -1.49054	
9.43	0 0 -1.49054	
9.44	0 0 -1.49053	
9.45	0 0 -1.49053	
9.46	0 0 -1.49053	
9.47	0 0 -1.49053	
9.48	0 0 -1.49053	
9.49	0 0 -1.49053	
9.5	0 0 -1.49053	
9.51	0 0 -1.49053	
9.52	0 0 -1.49053	
9.53	0 0 -1.49053	
9.54	0 0 -1.49052	
9.55	0 0 -1.49052	
9.56	0 0 -1.49052	
9.57	0 0 -1.49052	
9.58	0 0 -1.49052	
9.59	0 0 -1.49052	
9.6	0 0 -1.49052	
9.61	0 0 -1.49052	
9.62	0 0 -1.49051	
9.63	0 0 -1.49051	
9.64	0 0 -1.49051	
9.65	0 0 -1.49051	
9.66	0 0 -1.49051	
9.67	0 0 -1.49051	
9.68	0 0 -1.49051	
9.69	0 0 -1.4905	
9.7	0 0 -1.4905	
9.71	0 0 -1.4905	
9.72	0 0 -1.4905	
9.73	0 0 -1.4905	
9.74	0 0 -1.4905	
9.75	0 0 -1.4905	
9.76	0 0 -1.4905	
9.77	0 0 -1.4905	
9.78	0 0 -1.49049	
9.79	0 0 -1.49049	
9.8	0 0 -1.49049	
9.81	0 0 -1.49049	
9.82	0 0 -1.49049	
9.83	0 0 -1.49049	
9.84	0 0 -1.49049	
9.85	0 0 -1.49049	
9.86	0 0 -1.49049	
9.87	0 0 -1.49049	
9.88	0 0 -1.49049	
9.89	0 0 -1.49049	
9.9	0 0 -1.49048	
9.91	0 0 -1.49048	
9.92	0 0 -1.49048	
9.93	0 0 -1.49048	
9.94	0 0 -1.49048	
9.95	0 0 -1.49048	
9.96	0 0 -1.49048	
9.97	0 0 -1.49048	
9.98	0 0 -1.49048	
9.99	0 0 -1.49048	
10	0 0 -1.49048	
10.01	0 0 -1.49048	
10.02	0 0 -1.49048	
10.03	0 0 -1.49048	
10.04	0 0 -1.49048	
10.05	0 0 -1.49048	
10.06	0 0 -1.49048	
10.07	0 0 -1.49048	
10.08	0 0 -1.49048	
10.09	0 0 -1.49048	
10.1	0 0 -1.49048	
10.11	0 0 -1.49048	
10.12	0 0 -1.49048	
10.13	0 0 -1.49048	
10.14	0 0 -1.49048	
10.15	0 0 -1.49048	
10.16	0 0 -1.49048	
10.17	0 0 -1.49048	
10.18	0 0 -1.49048	
10.19	0 0 -1.49048	
10.2	0 0 -1.49049	
10.21	0 0 -1.49049	
10.22	0 0 -1.49049	
10.23	0 0 -1.49049	
10.24	0 0 -1.49049	
10.25	0 0 -1.49049	
10.26	0 0 -1.49049	
10.27	0 0 -1.49049	
10.28	0 0 -1.49049	
10.29	0 0 -1.49049	
10.3	0 0 -1.49049	
10.31	0 0 -1.49049	
10.32	0 0 -1.49049	
10.33	0 0 -1.49049	
10.34	0 0 -1.49049	
10.35	0 0 -1.49049	
10.36	0 0 -1.49049	
10.37	0 0 -1.4905	
10.38	0 0 -1.4905	
10.39	0 0 -1.4905	
10.4	0 0 -1.4905	
10.41	0 0 -1.4905	
10.42	0 0 -1.4905	
10.43	0 0 -1.4905	
10.44	0 0 -1.4905	
10.45	0 0 -1.4905	
10.46	0 0 -1.4905	
10.47	0 0 -1.4905	
10.48	0 0 -1.4905	
10.49	0 0 -1.4905	
10.5	0 0 -1.4905	
10.51	0 0 -1.4905	
10.52	0 0 -1.4905	
10.53	0 0 -1.4905	
10.54	0 0 -1.4905	
10.55	0 0 -1.49051	
10.56	0 0 -1.49051	
10.57	0 0 -1.49051	
10.58	0 0 -1.49051	
10.59	0 0 -1.49051	
10.6	0 0 -1.49051	
10.61	0 0 -1.49051	
10.62	0 0 -1.49051	
10.63	0 0 -1.49051	
10.64	0 0 -1.49051	
10.65	0 0 -1.49051	
10.66	0 0 -1.49051	
10.67	0 0 -1.49051	
10.68	0 0 -1.49051	
10.69	0 0 -1.49051	
10.7	0 0 -1.49051	
10.71	0 0 -1.49051	
10.72	0 0 -1.49051	
10.73	0 0 -1.49051	
10.74	0 0 -1.49051	
10.75	0 0 -1.49051	
10.76	0 0 -1.49051	
10.77	0 0 -1.49051	
10.78	0 0 -1.49051	
10.79	0 0 -1.49051	
10.8	0 0 -1.49051	
10.81	0 0 -1.49051	
10.82	0 0 -1.49051	
