# Gnuplot File : forces of 1 particle(s) Monitored
# 1st Column : time, others : particle(s) number 1 
0.01	0 0 -9.81	
0.02	0 0 -9.70209	
0.03	0 0 -9.58556	
0.04	0 0 -9.4606	
0.05	0 0 -9.32744	
0.06	0 0 -9.18628	
0.07	0 0 -9.03734	
0.08	0 0 -8.88086	
0.09	0 0 -8.71706	
0.1	0 0 -8.54619	
0.11	0 0 -8.36847	
0.12	0 0 -8.18416	
0.13	0 0 -7.99352	
0.14	0 0 -7.79678	
0.15	0 0 -7.59422	
0.16	0 0 -7.38608	
0.17	0 0 -7.17265	
0.18	0 0 -6.95417	
0.19	0 0 -6.73093	
0.2	0 0 -6.50318	
0.21	0 0 -6.27121	
0.22	0 0 -6.03529	
0.23	0 0 -5.79569	
0.24	0 0 -5.5527	
0.25	0 0 -5.30658	
0.26	0 0 -5.05761	
0.27	0 0 -4.80608	
0.28	0 0 -4.55226	
0.29	0 0 -4.29642	
0.3	0 0 -4.03884	
0.31	0 0 -3.77981	
0.32	0 0 -3.51958	
0.33	0 0 -3.25843	
0.34	0 0 -2.99664	
0.35	0 0 -2.73447	
0.36	0 0 -2.47218	
0.37	0 0 -2.21005	
0.38	0 0 -1.94833	
0.39	0 0 -1.68728	
0.4	0 0 -1.42715	
0.41	0 0 -1.16819	
0.42	0 0 -0.910656	
0.43	0 0 -0.654787	
0.44	0 0 -0.400821	
0.45	0 0 -0.148994	
0.46	0 0 0.100463	
0.47	0 0 0.347326	
0.48	0 0 0.591372	
0.49	0 0 0.832387	
0.5	0 0 1.07016	
0.51	0 0 1.30448	
0.52	0 0 1.53516	
0.53	0 0 1.76199	
0.54	0 0 1.9848	
0.55	0 0 2.20339	
0.56	0 0 2.41759	
0.57	0 0 2.62724	
0.58	0 0 2.83215	
0.59	0 0 3.03219	
0.6	0 0 3.2272	
0.61	0 0 3.41702	
0.62	0 0 3.60154	
0.63	0 0 3.7806	
0.64	0 0 3.9541	
0.65	0 0 4.1219	
0.66	0 0 4.28391	
0.67	0 0 4.44001	
0.68	0 0 4.59011	
0.69	0 0 4.73412	
0.7	0 0 4.87196	
0.71	0 0 5.00354	
0.72	0 0 5.12881	
0.73	0 0 5.24769	
0.74	0 0 5.36014	
0.75	0 0 5.4661	
0.76	0 0 5.56554	
0.77	0 0 5.65841	
0.78	0 0 5.7447	
0.79	0 0 5.82439	
0.8	0 0 5.89745	
0.81	0 0 5.96388	
0.82	0 0 6.02369	
0.83	0 0 6.07687	
0.84	0 0 6.12344	
0.85	0 0 6.16343	
0.86	0 0 6.19685	
0.87	0 0 6.22374	
0.88	0 0 6.24414	
0.89	0 0 6.25809	
0.9	0 0 6.26564	
0.91	0 0 6.26686	
0.92	0 0 6.26179	
0.93	0 0 6.25051	
0.94	0 0 6.23309	
0.95	0 0 6.20962	
0.96	0 0 6.18017	
0.97	0 0 6.14483	
0.98	0 0 6.1037	
0.99	0 0 6.05688	
1	0 0 6.00448	
1.01	0 0 5.94659	
1.02	0 0 5.88333	
1.03	0 0 5.81482	
1.04	0 0 5.74119	
1.05	0 0 5.66255	
1.06	0 0 5.57903	
1.07	0 0 5.49077	
1.08	0 0 5.3979	
1.09	0 0 5.30056	
1.1	0 0 5.19889	
1.11	0 0 5.09304	
1.12	0 0 4.98316	
1.13	0 0 4.86939	
1.14	0 0 4.75189	
1.15	0 0 4.63082	
1.16	0 0 4.50632	
1.17	0 0 4.37856	
1.18	0 0 4.2477	
1.19	0 0 4.11391	
1.2	0 0 3.97733	
1.21	0 0 3.83815	
1.22	0 0 3.69652	
1.23	0 0 3.5526	
1.24	0 0 3.40658	
1.25	0 0 3.25861	
1.26	0 0 3.10886	
1.27	0 0 2.9575	
1.28	0 0 2.80469	
1.29	0 0 2.65061	
1.3	0 0 2.49542	
1.31	0 0 2.33928	
1.32	0 0 2.18237	
1.33	0 0 2.02484	
1.34	0 0 1.86686	
1.35	0 0 1.7086	
1.36	0 0 1.55021	
1.37	0 0 1.39186	
1.38	0 0 1.23369	
1.39	0 0 1.07588	
1.4	0 0 0.918563	
1.41	0 0 0.761904	
1.42	0 0 0.60605	
1.43	0 0 0.451148	
1.44	0 0 0.297344	
1.45	0 0 0.144781	
1.46	0 0 -0.00640179	
1.47	0 0 -0.156066	
1.48	0 0 -0.304078	
1.49	0 0 -0.450305	
1.5	0 0 -0.59462	
1.51	0 0 -0.736897	
1.52	0 0 -0.877014	
1.53	0 0 -1.01485	
1.54	0 0 -1.1503	
1.55	0 0 -1.28324	
1.56	0 0 -1.41357	
1.57	0 0 -1.54118	
1.58	0 0 -1.66597	
1.59	0 0 -1.78786	
1.6	0 0 -1.90673	
1.61	0 0 -2.02251	
1.62	0 0 -2.13511	
1.63	0 0 -2.24444	
1.64	0 0 -2.35044	
1.65	0 0 -2.45303	
1.66	0 0 -2.55214	
1.67	0 0 -2.64771	
1.68	0 0 -2.73967	
1.69	0 0 -2.82797	
1.7	0 0 -2.91257	
1.71	0 0 -2.9934	
1.72	0 0 -3.07043	
1.73	0 0 -3.14362	
1.74	0 0 -3.21294	
1.75	0 0 -3.27835	
1.76	0 0 -3.33983	
1.77	0 0 -3.39735	
1.78	0 0 -3.4509	
1.79	0 0 -3.50047	
1.8	0 0 -3.54603	
1.81	0 0 -3.5876	
1.82	0 0 -3.62516	
1.83	0 0 -3.65873	
1.84	0 0 -3.68829	
1.85	0 0 -3.71388	
1.86	0 0 -3.73549	
1.87	0 0 -3.75316	
1.88	0 0 -3.76689	
1.89	0 0 -3.77672	
1.9	0 0 -3.78267	
1.91	0 0 -3.78478	
1.92	0 0 -3.78309	
1.93	0 0 -3.77763	
1.94	0 0 -3.76844	
1.95	0 0 -3.75558	
1.96	0 0 -3.7391	
1.97	0 0 -3.71903	
1.98	0 0 -3.69545	
1.99	0 0 -3.66841	
2	0 0 -3.63798	
2.01	0 0 -3.60421	
2.02	0 0 -3.56717	
2.03	0 0 -3.52693	
2.04	0 0 -3.48357	
2.05	0 0 -3.43717	
2.06	0 0 -3.38778	
2.07	0 0 -3.33551	
2.08	0 0 -3.28042	
2.09	0 0 -3.2226	
2.1	0 0 -3.16214	
2.11	0 0 -3.09912	
2.12	0 0 -3.03363	
2.13	0 0 -2.96576	
2.14	0 0 -2.8956	
2.15	0 0 -2.82326	
2.16	0 0 -2.74881	
2.17	0 0 -2.67235	
2.18	0 0 -2.59399	
2.19	0 0 -2.51382	
2.2	0 0 -2.43194	
2.21	0 0 -2.34844	
2.22	0 0 -2.26343	
2.23	0 0 -2.17701	
2.24	0 0 -2.08927	
2.25	0 0 -2.00032	
2.26	0 0 -1.91026	
2.27	0 0 -1.8192	
2.28	0 0 -1.72722	
2.29	0 0 -1.63443	
2.3	0 0 -1.54094	
2.31	0 0 -1.44685	
2.32	0 0 -1.35224	
2.33	0 0 -1.25723	
2.34	0 0 -1.16192	
2.35	0 0 -1.06639	
2.36	0 0 -0.970756	
2.37	0 0 -0.875106	
2.38	0 0 -0.779536	
2.39	0 0 -0.684143	
2.4	0 0 -0.58902	
2.41	0 0 -0.494259	
2.42	0 0 -0.399951	
2.43	0 0 -0.306187	
2.44	0 0 -0.213053	
2.45	0 0 -0.120638	
2.46	0 0 -0.029027	
2.47	0 0 0.0616973	
2.48	0 0 0.151453	
2.49	0 0 0.240159	
2.5	0 0 0.327738	
2.51	0 0 0.414114	
2.52	0 0 0.499211	
2.53	0 0 0.582959	
2.54	0 0 0.665286	
2.55	0 0 0.746125	
2.56	0 0 0.825409	
2.57	0 0 0.903074	
2.58	0 0 0.979061	
2.59	0 0 1.05331	
2.6	0 0 1.12576	
2.61	0 0 1.19636	
2.62	0 0 1.26506	
2.63	0 0 1.33181	
2.64	0 0 1.39655	
2.65	0 0 1.45926	
2.66	0 0 1.51987	
2.67	0 0 1.57836	
2.68	0 0 1.63469	
2.69	0 0 1.68882	
2.7	0 0 1.74072	
2.71	0 0 1.79036	
2.72	0 0 1.83771	
2.73	0 0 1.88276	
2.74	0 0 1.92547	
2.75	0 0 1.96582	
2.76	0 0 2.00381	
2.77	0 0 2.03941	
2.78	0 0 2.07262	
2.79	0 0 2.10342	
2.8	0 0 2.13181	
2.81	0 0 2.15779	
2.82	0 0 2.18135	
2.83	0 0 2.20249	
2.84	0 0 2.22122	
2.85	0 0 2.23754	
2.86	0 0 2.25145	
2.87	0 0 2.26298	
2.88	0 0 2.27213	
2.89	0 0 2.27892	
2.9	0 0 2.28336	
2.91	0 0 2.28547	
2.92	0 0 2.28527	
2.93	0 0 2.28279	
2.94	0 0 2.27806	
2.95	0 0 2.27109	
2.96	0 0 2.26192	
2.97	0 0 2.25058	
2.98	0 0 2.2371	
2.99	0 0 2.22153	
3	0 0 2.20388	
3.01	0 0 2.18421	
3.02	0 0 2.16255	
3.03	0 0 2.13895	
3.04	0 0 2.11344	
3.05	0 0 2.08607	
3.06	0 0 2.05689	
3.07	0 0 2.02595	
3.08	0 0 1.99329	
3.09	0 0 1.95896	
3.1	0 0 1.92302	
3.11	0 0 1.88551	
3.12	0 0 1.84649	
3.13	0 0 1.80602	
3.14	0 0 1.76415	
3.15	0 0 1.72093	
3.16	0 0 1.67642	
3.17	0 0 1.63068	
3.18	0 0 1.58376	
3.19	0 0 1.53574	
3.2	0 0 1.48665	
3.21	0 0 1.43657	
3.22	0 0 1.38556	
3.23	0 0 1.33367	
3.24	0 0 1.28096	
3.25	0 0 1.22751	
3.26	0 0 1.17335	
3.27	0 0 1.11857	
3.28	0 0 1.06322	
3.29	0 0 1.00735	
3.3	0 0 0.951038	
3.31	0 0 0.894337	
3.32	0 0 0.837309	
3.33	0 0 0.780014	
3.34	0 0 0.722512	
3.35	0 0 0.664862	
3.36	0 0 0.607124	
3.37	0 0 0.549356	
3.38	0 0 0.491617	
3.39	0 0 0.433963	
3.4	0 0 0.376452	
3.41	0 0 0.319139	
3.42	0 0 0.262081	
3.43	0 0 0.205331	
3.44	0 0 0.148943	
3.45	0 0 0.0929702	
3.46	0 0 0.0374641	
3.47	0 0 -0.0175244	
3.48	0 0 -0.0719455	
3.49	0 0 -0.125751	
3.5	0 0 -0.178892	
3.51	0 0 -0.231323	
3.52	0 0 -0.282998	
3.53	0 0 -0.333873	
3.54	0 0 -0.383906	
3.55	0 0 -0.433055	
3.56	0 0 -0.481279	
3.57	0 0 -0.528539	
3.58	0 0 -0.574799	
3.59	0 0 -0.620021	
3.6	0 0 -0.66417	
3.61	0 0 -0.707215	
3.62	0 0 -0.749121	
3.63	0 0 -0.789859	
3.64	0 0 -0.8294	
3.65	0 0 -0.867717	
3.66	0 0 -0.904782	
3.67	0 0 -0.940572	
3.68	0 0 -0.975063	
3.69	0 0 -1.00823	
3.7	0 0 -1.04007	
3.71	0 0 -1.07054	
3.72	0 0 -1.09964	
3.73	0 0 -1.12734	
3.74	0 0 -1.15365	
3.75	0 0 -1.17853	
3.76	0 0 -1.20199	
3.77	0 0 -1.22401	
3.78	0 0 -1.24459	
3.79	0 0 -1.26372	
3.8	0 0 -1.28139	
3.81	0 0 -1.29761	
3.82	0 0 -1.31236	
3.83	0 0 -1.32566	
3.84	0 0 -1.33749	
3.85	0 0 -1.34787	
3.86	0 0 -1.3568	
3.87	0 0 -1.36428	
3.88	0 0 -1.37033	
3.89	0 0 -1.37494	
3.9	0 0 -1.37813	
3.91	0 0 -1.37991	
3.92	0 0 -1.3803	
3.93	0 0 -1.3793	
3.94	0 0 -1.37693	
3.95	0 0 -1.3732	
3.96	0 0 -1.36815	
3.97	0 0 -1.36177	
3.98	0 0 -1.35409	
3.99	0 0 -1.34514	
4	0 0 -1.33494	
4.01	0 0 -1.3235	
4.02	0 0 -1.31085	
4.03	0 0 -1.29701	
4.04	0 0 -1.28202	
4.05	0 0 -1.2659	
4.06	0 0 -1.24867	
4.07	0 0 -1.23036	
4.08	0 0 -1.21101	
4.09	0 0 -1.19064	
4.1	0 0 -1.16928	
4.11	0 0 -1.14697	
4.12	0 0 -1.12373	
4.13	0 0 -1.0996	
4.14	0 0 -1.07462	
4.15	0 0 -1.04881	
4.16	0 0 -1.0222	
4.17	0 0 -0.994846	
4.18	0 0 -0.966767	
4.19	0 0 -0.938002	
4.2	0 0 -0.908586	
4.21	0 0 -0.878556	
4.22	0 0 -0.847948	
4.23	0 0 -0.816798	
4.24	0 0 -0.785142	
4.25	0 0 -0.753018	
4.26	0 0 -0.720462	
4.27	0 0 -0.687511	
4.28	0 0 -0.654203	
4.29	0 0 -0.620573	
4.3	0 0 -0.586659	
4.31	0 0 -0.552497	
4.32	0 0 -0.518124	
4.33	0 0 -0.483578	
4.34	0 0 -0.448893	
4.35	0 0 -0.414105	
4.36	0 0 -0.379252	
4.37	0 0 -0.344368	
4.38	0 0 -0.309489	
4.39	0 0 -0.274648	
4.4	0 0 -0.239882	
4.41	0 0 -0.205223	
4.42	0 0 -0.170706	
4.43	0 0 -0.136363	
4.44	0 0 -0.102227	
4.45	0 0 -0.0683303	
4.46	0 0 -0.0347043	
4.47	0 0 -0.00137977	
4.48	0 0 0.0316129	
4.49	0 0 0.0642439	
4.5	0 0 0.0964845	
4.51	0 0 0.128306	
4.52	0 0 0.159681	
4.53	0 0 0.190583	
4.54	0 0 0.220985	
4.55	0 0 0.250862	
4.56	0 0 0.28019	
4.57	0 0 0.308944	
4.58	0 0 0.337101	
4.59	0 0 0.36464	
4.6	0 0 0.391539	
4.61	0 0 0.417777	
4.62	0 0 0.443335	
4.63	0 0 0.468194	
4.64	0 0 0.492337	
4.65	0 0 0.515745	
4.66	0 0 0.538404	
4.67	0 0 0.560298	
4.68	0 0 0.581413	
4.69	0 0 0.601735	
4.7	0 0 0.621252	
4.71	0 0 0.639952	
4.72	0 0 0.657826	
4.73	0 0 0.674863	
4.74	0 0 0.691055	
4.75	0 0 0.706394	
4.76	0 0 0.720873	
4.77	0 0 0.734487	
4.78	0 0 0.747229	
4.79	0 0 0.759098	
4.8	0 0 0.770088	
4.81	0 0 0.780199	
4.82	0 0 0.789428	
4.83	0 0 0.797775	
4.84	0 0 0.805241	
4.85	0 0 0.811827	
4.86	0 0 0.817536	
4.87	0 0 0.82237	
4.88	0 0 0.826333	
4.89	0 0 0.82943	
4.9	0 0 0.831667	
4.91	0 0 0.83305	
4.92	0 0 0.833586	
4.93	0 0 0.833283	
4.94	0 0 0.83215	
4.95	0 0 0.830196	
4.96	0 0 0.827431	
4.97	0 0 0.823867	
4.98	0 0 0.819514	
4.99	0 0 0.814385	
5	0 0 0.808493	
5.01	0 0 0.801852	
5.02	0 0 0.794475	
5.03	0 0 0.786378	
5.04	0 0 0.777575	
5.05	0 0 0.768082	
5.06	0 0 0.757916	
5.07	0 0 0.747095	
5.08	0 0 0.735634	
5.09	0 0 0.723552	
5.1	0 0 0.710867	
5.11	0 0 0.697599	
5.12	0 0 0.683765	
5.13	0 0 0.669387	
5.14	0 0 0.654482	
5.15	0 0 0.639072	
5.16	0 0 0.623177	
5.17	0 0 0.606818	
5.18	0 0 0.590016	
5.19	0 0 0.572791	
5.2	0 0 0.555166	
5.21	0 0 0.537163	
5.22	0 0 0.518802	
5.23	0 0 0.500106	
5.24	0 0 0.481096	
5.25	0 0 0.461796	
5.26	0 0 0.442227	
5.27	0 0 0.422411	
5.28	0 0 0.402371	
5.29	0 0 0.38213	
5.3	0 0 0.361708	
5.31	0 0 0.341129	
5.32	0 0 0.320415	
5.33	0 0 0.299587	
5.34	0 0 0.278668	
5.35	0 0 0.25768	
5.36	0 0 0.236643	
5.37	0 0 0.215581	
5.38	0 0 0.194513	
5.39	0 0 0.173462	
5.4	0 0 0.152448	
5.41	0 0 0.131491	
5.42	0 0 0.110613	
5.43	0 0 0.0898324	
5.44	0 0 0.06917	
5.45	0 0 0.0486451	
5.46	0 0 0.0282768	
5.47	0 0 0.00808394	
5.48	0 0 -0.0119151	
5.49	0 0 -0.0317022	
5.5	0 0 -0.0512598	
5.51	0 0 -0.0705705	
5.52	0 0 -0.0896176	
5.53	0 0 -0.108385	
5.54	0 0 -0.126855	
5.55	0 0 -0.145015	
5.56	0 0 -0.162848	
5.57	0 0 -0.180339	
5.58	0 0 -0.197475	
5.59	0 0 -0.214243	
5.6	0 0 -0.230628	
5.61	0 0 -0.246619	
5.62	0 0 -0.262204	
5.63	0 0 -0.27737	
5.64	0 0 -0.292108	
5.65	0 0 -0.306406	
5.66	0 0 -0.320254	
5.67	0 0 -0.333644	
5.68	0 0 -0.346567	
5.69	0 0 -0.359013	
5.7	0 0 -0.370976	
5.71	0 0 -0.382449	
5.72	0 0 -0.393424	
5.73	0 0 -0.403896	
5.74	0 0 -0.413859	
5.75	0 0 -0.423309	
5.76	0 0 -0.432241	
5.77	0 0 -0.440652	
5.78	0 0 -0.448538	
5.79	0 0 -0.455896	
5.8	0 0 -0.462725	
5.81	0 0 -0.469023	
5.82	0 0 -0.474789	
5.83	0 0 -0.480023	
5.84	0 0 -0.484724	
5.85	0 0 -0.488893	
5.86	0 0 -0.492532	
5.87	0 0 -0.495642	
5.88	0 0 -0.498225	
5.89	0 0 -0.500284	
5.9	0 0 -0.501822	
5.91	0 0 -0.502843	
5.92	0 0 -0.503351	
5.93	0 0 -0.503351	
5.94	0 0 -0.502847	
5.95	0 0 -0.501845	
5.96	0 0 -0.500352	
5.97	0 0 -0.498373	
5.98	0 0 -0.495916	
5.99	0 0 -0.492987	
6	0 0 -0.489594	
6.01	0 0 -0.485746	
6.02	0 0 -0.481451	
6.03	0 0 -0.476717	
6.04	0 0 -0.471554	
6.05	0 0 -0.46597	
6.06	0 0 -0.459977	
6.07	0 0 -0.453584	
6.08	0 0 -0.4468	
6.09	0 0 -0.439638	
6.1	0 0 -0.432108	
6.11	0 0 -0.424222	
6.12	0 0 -0.415989	
6.13	0 0 -0.407423	
6.14	0 0 -0.398536	
6.15	0 0 -0.389339	
6.16	0 0 -0.379844	
6.17	0 0 -0.370064	
6.18	0 0 -0.360013	
6.19	0 0 -0.349701	
6.2	0 0 -0.339143	
6.21	0 0 -0.328352	
6.22	0 0 -0.31734	
6.23	0 0 -0.306121	
6.24	0 0 -0.294708	
6.25	0 0 -0.283114	
6.26	0 0 -0.271353	
6.27	0 0 -0.259439	
6.28	0 0 -0.247384	
6.29	0 0 -0.235202	
6.3	0 0 -0.222907	
6.31	0 0 -0.210512	
6.32	0 0 -0.19803	
6.33	0 0 -0.185476	
6.34	0 0 -0.172861	
6.35	0 0 -0.160199	
6.36	0 0 -0.147504	
6.37	0 0 -0.134789	
6.38	0 0 -0.122066	
6.39	0 0 -0.109348	
6.4	0 0 -0.0966473	
6.41	0 0 -0.0839775	
6.42	0 0 -0.0713503	
6.43	0 0 -0.0587781	
6.44	0 0 -0.0462728	
6.45	0 0 -0.0338463	
6.46	0 0 -0.0215102	
6.47	0 0 -0.009276	
6.48	0 0 0.00284516	
6.49	0 0 0.0148423	
6.5	0 0 0.0267046	
6.51	0 0 0.0384215	
6.52	0 0 0.0499829	
6.53	0 0 0.0613787	
6.54	0 0 0.0725991	
6.55	0 0 0.0836348	
6.56	0 0 0.0944764	
6.57	0 0 0.105115	
6.58	0 0 0.115542	
6.59	0 0 0.12575	
6.6	0 0 0.135729	
6.61	0 0 0.145474	
6.62	0 0 0.154975	
6.63	0 0 0.164226	
6.64	0 0 0.17322	
6.65	0 0 0.181952	
6.66	0 0 0.190414	
6.67	0 0 0.198601	
6.68	0 0 0.206507	
6.69	0 0 0.214128	
6.7	0 0 0.221459	
6.71	0 0 0.228495	
6.72	0 0 0.235232	
6.73	0 0 0.241666	
6.74	0 0 0.247794	
6.75	0 0 0.253614	
6.76	0 0 0.259121	
6.77	0 0 0.264314	
6.78	0 0 0.269191	
6.79	0 0 0.273751	
6.8	0 0 0.27799	
6.81	0 0 0.28191	
6.82	0 0 0.285508	
6.83	0 0 0.288785	
6.84	0 0 0.29174	
6.85	0 0 0.294374	
6.86	0 0 0.296687	
6.87	0 0 0.29868	
6.88	0 0 0.300355	
6.89	0 0 0.301713	
6.9	0 0 0.302755	
6.91	0 0 0.303484	
6.92	0 0 0.303903	
6.93	0 0 0.304013	
6.94	0 0 0.303818	
6.95	0 0 0.303322	
6.96	0 0 0.302527	
6.97	0 0 0.301437	
6.98	0 0 0.300057	
6.99	0 0 0.298391	
7	0 0 0.296443	
7.01	0 0 0.294217	
7.02	0 0 0.29172	
7.03	0 0 0.288957	
7.04	0 0 0.285932	
7.05	0 0 0.282651	
7.06	0 0 0.27912	
7.07	0 0 0.275346	
7.08	0 0 0.271334	
7.09	0 0 0.26709	
7.1	0 0 0.262622	
7.11	0 0 0.257937	
7.12	0 0 0.25304	
7.13	0 0 0.247939	
7.14	0 0 0.242641	
7.15	0 0 0.237153	
7.16	0 0 0.231483	
7.17	0 0 0.225639	
7.18	0 0 0.219627	
7.19	0 0 0.213455	
7.2	0 0 0.207132	
7.21	0 0 0.200665	
7.22	0 0 0.194062	
7.23	0 0 0.187331	
7.24	0 0 0.18048	
7.25	0 0 0.173517	
7.26	0 0 0.16645	
7.27	0 0 0.159288	
7.28	0 0 0.152037	
7.29	0 0 0.144707	
7.3	0 0 0.137306	
7.31	0 0 0.129842	
7.32	0 0 0.122322	
7.33	0 0 0.114755	
7.34	0 0 0.107149	
7.35	0 0 0.0995118	
7.36	0 0 0.0918516	
7.37	0 0 0.0841761	
7.38	0 0 0.0764932	
7.39	0 0 0.0688107	
7.4	0 0 0.0611362	
7.41	0 0 0.0534772	
7.42	0 0 0.0458414	
7.43	0 0 0.0382361	
7.44	0 0 0.0306686	
7.45	0 0 0.0231461	
7.46	0 0 0.0156757	
7.47	0 0 0.00826437	
7.48	0 0 0.000918851	
7.49	0 0 -0.00635413	
7.5	0 0 -0.013548	
7.51	0 0 -0.0206564	
7.52	0 0 -0.0276731	
7.53	0 0 -0.034592	
7.54	0 0 -0.041407	
7.55	0 0 -0.0481125	
7.56	0 0 -0.0547028	
7.57	0 0 -0.0611726	
7.58	0 0 -0.0675164	
7.59	0 0 -0.0737293	
7.6	0 0 -0.0798063	
7.61	0 0 -0.0857428	
7.62	0 0 -0.0915342	
7.63	0 0 -0.0971761	
7.64	0 0 -0.102664	
7.65	0 0 -0.107995	
7.66	0 0 -0.113165	
7.67	0 0 -0.118169	
7.68	0 0 -0.123006	
7.69	0 0 -0.127671	
7.7	0 0 -0.132161	
7.71	0 0 -0.136475	
7.72	0 0 -0.140609	
7.73	0 0 -0.144561	
7.74	0 0 -0.148329	
7.75	0 0 -0.151911	
7.76	0 0 -0.155305	
7.77	0 0 -0.15851	
7.78	0 0 -0.161525	
7.79	0 0 -0.164347	
7.8	0 0 -0.166978	
7.81	0 0 -0.169415	
7.82	0 0 -0.171658	
7.83	0 0 -0.173707	
7.84	0 0 -0.175562	
7.85	0 0 -0.177222	
7.86	0 0 -0.178689	
7.87	0 0 -0.179963	
7.88	0 0 -0.181044	
7.89	0 0 -0.181933	
7.9	0 0 -0.182631	
7.91	0 0 -0.183139	
7.92	0 0 -0.18346	
7.93	0 0 -0.183593	
7.94	0 0 -0.183542	
7.95	0 0 -0.183308	
7.96	0 0 -0.182893	
7.97	0 0 -0.182299	
7.98	0 0 -0.181528	
7.99	0 0 -0.180584	
8	0 0 -0.179469	
8.01	0 0 -0.178185	
8.02	0 0 -0.176736	
8.03	0 0 -0.175125	
8.04	0 0 -0.173355	
8.05	0 0 -0.171429	
8.06	0 0 -0.169351	
8.07	0 0 -0.167124	
8.08	0 0 -0.164753	
8.09	0 0 -0.16224	
8.1	0 0 -0.15959	
8.11	0 0 -0.156808	
8.12	0 0 -0.153896	
8.13	0 0 -0.150859	
8.14	0 0 -0.147702	
8.15	0 0 -0.144429	
8.16	0 0 -0.141045	
8.17	0 0 -0.137553	
8.18	0 0 -0.133958	
8.19	0 0 -0.130265	
8.2	0 0 -0.126479	
8.21	0 0 -0.122605	
8.22	0 0 -0.118646	
8.23	0 0 -0.114609	
8.24	0 0 -0.110497	
8.25	0 0 -0.106316	
8.26	0 0 -0.10207	
8.27	0 0 -0.0977647	
8.28	0 0 -0.0934048	
8.29	0 0 -0.088995	
8.3	0 0 -0.0845403	
8.31	0 0 -0.0800456	
8.32	0 0 -0.0755158	
8.33	0 0 -0.0709558	
8.34	0 0 -0.0663705	
8.35	0 0 -0.0617646	
8.36	0 0 -0.0571431	
8.37	0 0 -0.0525106	
8.38	0 0 -0.0478719	
8.39	0 0 -0.0432317	
8.4	0 0 -0.0385947	
8.41	0 0 -0.0339655	
8.42	0 0 -0.0293486	
8.43	0 0 -0.0247485	
8.44	0 0 -0.0201697	
8.45	0 0 -0.0156165	
8.46	0 0 -0.0110932	
8.47	0 0 -0.00660403	
8.48	0 0 -0.00215317	
8.49	0 0 0.00225534	
8.5	0 0 0.0066175	
8.51	0 0 0.0109294	
8.52	0 0 0.0151873	
8.53	0 0 0.0193874	
8.54	0 0 0.0235262	
8.55	0 0 0.0276	
8.56	0 0 0.0316054	
8.57	0 0 0.0355392	
8.58	0 0 0.0393982	
8.59	0 0 0.0431791	
8.6	0 0 0.0468791	
8.61	0 0 0.0504952	
8.62	0 0 0.0540246	
8.63	0 0 0.0574647	
8.64	0 0 0.0608129	
8.65	0 0 0.0640669	
8.66	0 0 0.0672242	
8.67	0 0 0.0702828	
8.68	0 0 0.0732404	
8.69	0 0 0.0760953	
8.7	0 0 0.0788455	
8.71	0 0 0.0814894	
8.72	0 0 0.0840253	
8.73	0 0 0.0864519	
8.74	0 0 0.0887677	
8.75	0 0 0.0909716	
8.76	0 0 0.0930625	
8.77	0 0 0.0950394	
8.78	0 0 0.0969015	
8.79	0 0 0.0986481	
8.8	0 0 0.100279	
8.81	0 0 0.101793	
8.82	0 0 0.103189	
8.83	0 0 0.104469	
8.84	0 0 0.105632	
8.85	0 0 0.106677	
8.86	0 0 0.107605	
8.87	0 0 0.108417	
8.88	0 0 0.109111	
8.89	0 0 0.10969	
8.9	0 0 0.110153	
8.91	0 0 0.110502	
8.92	0 0 0.110736	
8.93	0 0 0.110857	
8.94	0 0 0.110867	
8.95	0 0 0.110765	
8.96	0 0 0.110554	
8.97	0 0 0.110234	
8.98	0 0 0.109807	
8.99	0 0 0.109274	
9	0 0 0.108638	
9.01	0 0 0.107899	
9.02	0 0 0.10706	
9.03	0 0 0.106122	
9.04	0 0 0.105088	
9.05	0 0 0.103958	
9.06	0 0 0.102736	
9.07	0 0 0.101424	
9.08	0 0 0.100023	
9.09	0 0 0.0985362	
9.1	0 0 0.0969657	
9.11	0 0 0.0953139	
9.12	0 0 0.0935834	
9.13	0 0 0.0917765	
9.14	0 0 0.089896	
9.15	0 0 0.0879444	
9.16	0 0 0.0859243	
9.17	0 0 0.0838385	
9.18	0 0 0.0816898	
9.19	0 0 0.0794808	
9.2	0 0 0.0772144	
9.21	0 0 0.0748935	
9.22	0 0 0.072521	
9.23	0 0 0.0700996	
9.24	0 0 0.0676323	
9.25	0 0 0.0651221	
9.26	0 0 0.0625718	
9.27	0 0 0.0599845	
9.28	0 0 0.0573631	
9.29	0 0 0.0547105	
9.3	0 0 0.0520297	
9.31	0 0 0.0493237	
9.32	0 0 0.0465955	
9.33	0 0 0.0438479	
9.34	0 0 0.041084	
9.35	0 0 0.0383066	
9.36	0 0 0.0355187	
9.37	0 0 0.0327232	
9.38	0 0 0.0299228	
9.39	0 0 0.0271206	
9.4	0 0 0.0243193	
9.41	0 0 0.0215216	
9.42	0 0 0.0187304	
9.43	0 0 0.0159484	
9.44	0 0 0.0131783	
9.45	0 0 0.0104227	
9.46	0 0 0.0076842	
9.47	0 0 0.00496542	
9.48	0 0 0.00226887	
9.49	0 0 -0.000402992	
9.5	0 0 -0.00304773	
9.51	0 0 -0.00566297	
9.52	0 0 -0.0082464	
9.53	0 0 -0.0107957	
9.54	0 0 -0.0133088	
9.55	0 0 -0.0157834	
9.56	0 0 -0.0182175	
9.57	0 0 -0.020609	
9.58	0 0 -0.022956	
9.59	0 0 -0.0252566	
9.6	0 0 -0.0275089	
9.61	0 0 -0.0297112	
9.62	0 0 -0.0318618	
