# Gnuplot File : velocities of 1 particle(s) Monitored
# 1st Column : time, others : particle(s) number 1 
0.01	0 0 -98.1	
0.02	0 0 -195.121	
0.03	0 0 -290.976	
0.04	0 0 -385.583	
0.05	0 0 -478.857	
0.06	0 0 -570.72	
0.07	0 0 -661.093	
0.08	0 0 -749.902	
0.09	0 0 -837.072	
0.1	0 0 -922.534	
0.11	0 0 -1006.22	
0.12	0 0 -1088.06	
0.13	0 0 -1168	
0.14	0 0 -1245.96	
0.15	0 0 -1321.91	
0.16	0 0 -1395.77	
0.17	0 0 -1467.49	
0.18	0 0 -1537.03	
0.19	0 0 -1604.34	
0.2	0 0 -1669.38	
0.21	0 0 -1732.09	
0.22	0 0 -1792.44	
0.23	0 0 -1850.4	
0.24	0 0 -1905.92	
0.25	0 0 -1958.99	
0.26	0 0 -2009.57	
0.27	0 0 -2057.63	
0.28	0 0 -2103.15	
0.29	0 0 -2146.11	
0.3	0 0 -2186.5	
0.31	0 0 -2224.3	
0.32	0 0 -2259.5	
0.33	0 0 -2292.08	
0.34	0 0 -2322.05	
0.35	0 0 -2349.39	
0.36	0 0 -2374.11	
0.37	0 0 -2396.21	
0.38	0 0 -2415.7	
0.39	0 0 -2432.57	
0.4	0 0 -2446.84	
0.41	0 0 -2458.52	
0.42	0 0 -2467.63	
0.43	0 0 -2474.18	
0.44	0 0 -2478.19	
0.45	0 0 -2479.68	
0.46	0 0 -2478.67	
0.47	0 0 -2475.2	
0.48	0 0 -2469.28	
0.49	0 0 -2460.96	
0.5	0 0 -2450.26	
0.51	0 0 -2437.21	
0.52	0 0 -2421.86	
0.53	0 0 -2404.24	
0.54	0 0 -2384.39	
0.55	0 0 -2362.36	
0.56	0 0 -2338.18	
0.57	0 0 -2311.91	
0.58	0 0 -2283.59	
0.59	0 0 -2253.27	
0.6	0 0 -2221	
0.61	0 0 -2186.83	
0.62	0 0 -2150.81	
0.63	0 0 -2113.01	
0.64	0 0 -2073.46	
0.65	0 0 -2032.25	
0.66	0 0 -1989.41	
0.67	0 0 -1945.01	
0.68	0 0 -1899.11	
0.69	0 0 -1851.76	
0.7	0 0 -1803.04	
0.71	0 0 -1753.01	
0.72	0 0 -1701.72	
0.73	0 0 -1649.24	
0.74	0 0 -1595.64	
0.75	0 0 -1540.98	
0.76	0 0 -1485.33	
0.77	0 0 -1428.74	
0.78	0 0 -1371.3	
0.79	0 0 -1313.05	
0.8	0 0 -1254.08	
0.81	0 0 -1194.44	
0.82	0 0 -1134.2	
0.83	0 0 -1073.43	
0.84	0 0 -1012.2	
0.85	0 0 -950.564	
0.86	0 0 -888.595	
0.87	0 0 -826.358	
0.88	0 0 -763.916	
0.89	0 0 -701.335	
0.9	0 0 -638.679	
0.91	0 0 -576.01	
0.92	0 0 -513.393	
0.93	0 0 -450.888	
0.94	0 0 -388.557	
0.95	0 0 -326.46	
0.96	0 0 -264.659	
0.97	0 0 -203.21	
0.98	0 0 -142.173	
0.99	0 0 -81.6045	
1	0 0 -21.5597	
1.01	0 0 37.9061	
1.02	0 0 96.7394	
1.03	0 0 154.888	
1.04	0 0 212.3	
1.05	0 0 268.925	
1.06	0 0 324.715	
1.07	0 0 379.623	
1.08	0 0 433.602	
1.09	0 0 486.607	
1.1	0 0 538.596	
1.11	0 0 589.527	
1.12	0 0 639.358	
1.13	0 0 688.052	
1.14	0 0 735.571	
1.15	0 0 781.879	
1.16	0 0 826.943	
1.17	0 0 870.728	
1.18	0 0 913.205	
1.19	0 0 954.344	
1.2	0 0 994.118	
1.21	0 0 1032.5	
1.22	0 0 1069.46	
1.23	0 0 1104.99	
1.24	0 0 1139.06	
1.25	0 0 1171.64	
1.26	0 0 1202.73	
1.27	0 0 1232.31	
1.28	0 0 1260.35	
1.29	0 0 1286.86	
1.3	0 0 1311.81	
1.31	0 0 1335.21	
1.32	0 0 1357.03	
1.33	0 0 1377.28	
1.34	0 0 1395.95	
1.35	0 0 1413.03	
1.36	0 0 1428.53	
1.37	0 0 1442.45	
1.38	0 0 1454.79	
1.39	0 0 1465.55	
1.4	0 0 1474.73	
1.41	0 0 1482.35	
1.42	0 0 1488.41	
1.43	0 0 1492.93	
1.44	0 0 1495.9	
1.45	0 0 1497.35	
1.46	0 0 1497.28	
1.47	0 0 1495.72	
1.48	0 0 1492.68	
1.49	0 0 1488.18	
1.5	0 0 1482.23	
1.51	0 0 1474.86	
1.52	0 0 1466.09	
1.53	0 0 1455.94	
1.54	0 0 1444.44	
1.55	0 0 1431.61	
1.56	0 0 1417.47	
1.57	0 0 1402.06	
1.58	0 0 1385.4	
1.59	0 0 1367.52	
1.6	0 0 1348.46	
1.61	0 0 1328.23	
1.62	0 0 1306.88	
1.63	0 0 1284.44	
1.64	0 0 1260.93	
1.65	0 0 1236.4	
1.66	0 0 1210.88	
1.67	0 0 1184.4	
1.68	0 0 1157.01	
1.69	0 0 1128.73	
1.7	0 0 1099.6	
1.71	0 0 1069.67	
1.72	0 0 1038.96	
1.73	0 0 1007.53	
1.74	0 0 975.396	
1.75	0 0 942.613	
1.76	0 0 909.214	
1.77	0 0 875.241	
1.78	0 0 840.732	
1.79	0 0 805.727	
1.8	0 0 770.267	
1.81	0 0 734.391	
1.82	0 0 698.139	
1.83	0 0 661.552	
1.84	0 0 624.669	
1.85	0 0 587.53	
1.86	0 0 550.175	
1.87	0 0 512.644	
1.88	0 0 474.975	
1.89	0 0 437.208	
1.9	0 0 399.381	
1.91	0 0 361.533	
1.92	0 0 323.702	
1.93	0 0 285.926	
1.94	0 0 248.241	
1.95	0 0 210.686	
1.96	0 0 173.295	
1.97	0 0 136.104	
1.98	0 0 99.1498	
1.99	0 0 62.4657	
2	0 0 26.0859	
2.01	0 0 -9.95617	
2.02	0 0 -45.6278	
2.03	0 0 -80.8972	
2.04	0 0 -115.733	
2.05	0 0 -150.105	
2.06	0 0 -183.982	
2.07	0 0 -217.337	
2.08	0 0 -250.142	
2.09	0 0 -282.368	
2.1	0 0 -313.989	
2.11	0 0 -344.98	
2.12	0 0 -375.316	
2.13	0 0 -404.974	
2.14	0 0 -433.93	
2.15	0 0 -462.163	
2.16	0 0 -489.651	
2.17	0 0 -516.374	
2.18	0 0 -542.314	
2.19	0 0 -567.452	
2.2	0 0 -591.772	
2.21	0 0 -615.256	
2.22	0 0 -637.891	
2.23	0 0 -659.661	
2.24	0 0 -680.553	
2.25	0 0 -700.557	
2.26	0 0 -719.659	
2.27	0 0 -737.851	
2.28	0 0 -755.123	
2.29	0 0 -771.468	
2.3	0 0 -786.877	
2.31	0 0 -801.346	
2.32	0 0 -814.868	
2.33	0 0 -827.44	
2.34	0 0 -839.06	
2.35	0 0 -849.724	
2.36	0 0 -859.431	
2.37	0 0 -868.182	
2.38	0 0 -875.977	
2.39	0 0 -882.819	
2.4	0 0 -888.709	
2.41	0 0 -893.652	
2.42	0 0 -897.651	
2.43	0 0 -900.713	
2.44	0 0 -902.844	
2.45	0 0 -904.05	
2.46	0 0 -904.34	
2.47	0 0 -903.723	
2.48	0 0 -902.209	
2.49	0 0 -899.807	
2.5	0 0 -896.53	
2.51	0 0 -892.389	
2.52	0 0 -887.397	
2.53	0 0 -881.567	
2.54	0 0 -874.914	
2.55	0 0 -867.453	
2.56	0 0 -859.199	
2.57	0 0 -850.168	
2.58	0 0 -840.377	
2.59	0 0 -829.844	
2.6	0 0 -818.587	
2.61	0 0 -806.623	
2.62	0 0 -793.973	
2.63	0 0 -780.655	
2.64	0 0 -766.689	
2.65	0 0 -752.096	
2.66	0 0 -736.898	
2.67	0 0 -721.114	
2.68	0 0 -704.767	
2.69	0 0 -687.879	
2.7	0 0 -670.472	
2.71	0 0 -652.568	
2.72	0 0 -634.191	
2.73	0 0 -615.363	
2.74	0 0 -596.109	
2.75	0 0 -576.45	
2.76	0 0 -556.412	
2.77	0 0 -536.018	
2.78	0 0 -515.292	
2.79	0 0 -494.258	
2.8	0 0 -472.94	
2.81	0 0 -451.362	
2.82	0 0 -429.548	
2.83	0 0 -407.523	
2.84	0 0 -385.311	
2.85	0 0 -362.936	
2.86	0 0 -340.421	
2.87	0 0 -317.792	
2.88	0 0 -295.07	
2.89	0 0 -272.281	
2.9	0 0 -249.448	
2.91	0 0 -226.593	
2.92	0 0 -203.74	
2.93	0 0 -180.912	
2.94	0 0 -158.132	
2.95	0 0 -135.421	
2.96	0 0 -112.802	
2.97	0 0 -90.2958	
2.98	0 0 -67.9247	
2.99	0 0 -45.7095	
3	0 0 -23.6707	
3.01	0 0 -1.82855	
3.02	0 0 19.797	
3.03	0 0 41.1864	
3.04	0 0 62.3208	
3.05	0 0 83.1815	
3.06	0 0 103.75	
3.07	0 0 124.01	
3.08	0 0 143.943	
3.09	0 0 163.532	
3.1	0 0 182.763	
3.11	0 0 201.618	
3.12	0 0 220.083	
3.13	0 0 238.143	
3.14	0 0 255.784	
3.15	0 0 272.994	
3.16	0 0 289.758	
3.17	0 0 306.065	
3.18	0 0 321.902	
3.19	0 0 337.26	
3.2	0 0 352.126	
3.21	0 0 366.492	
3.22	0 0 380.347	
3.23	0 0 393.684	
3.24	0 0 406.494	
3.25	0 0 418.769	
3.26	0 0 430.502	
3.27	0 0 441.688	
3.28	0 0 452.32	
3.29	0 0 462.394	
3.3	0 0 471.904	
3.31	0 0 480.847	
3.32	0 0 489.221	
3.33	0 0 497.021	
3.34	0 0 504.246	
3.35	0 0 510.894	
3.36	0 0 516.966	
3.37	0 0 522.459	
3.38	0 0 527.375	
3.39	0 0 531.715	
3.4	0 0 535.48	
3.41	0 0 538.671	
3.42	0 0 541.292	
3.43	0 0 543.345	
3.44	0 0 544.834	
3.45	0 0 545.764	
3.46	0 0 546.139	
3.47	0 0 545.964	
3.48	0 0 545.244	
3.49	0 0 543.987	
3.5	0 0 542.198	
3.51	0 0 539.884	
3.52	0 0 537.054	
3.53	0 0 533.716	
3.54	0 0 529.877	
3.55	0 0 525.546	
3.56	0 0 520.733	
3.57	0 0 515.448	
3.58	0 0 509.7	
3.59	0 0 503.5	
3.6	0 0 496.858	
3.61	0 0 489.786	
3.62	0 0 482.295	
3.63	0 0 474.396	
3.64	0 0 466.102	
3.65	0 0 457.425	
3.66	0 0 448.377	
3.67	0 0 438.971	
3.68	0 0 429.221	
3.69	0 0 419.138	
3.7	0 0 408.738	
3.71	0 0 398.032	
3.72	0 0 387.036	
3.73	0 0 375.763	
3.74	0 0 364.226	
3.75	0 0 352.441	
3.76	0 0 340.421	
3.77	0 0 328.181	
3.78	0 0 315.735	
3.79	0 0 303.098	
3.8	0 0 290.284	
3.81	0 0 277.308	
3.82	0 0 264.184	
3.83	0 0 250.927	
3.84	0 0 237.553	
3.85	0 0 224.074	
3.86	0 0 210.506	
3.87	0 0 196.863	
3.88	0 0 183.16	
3.89	0 0 169.41	
3.9	0 0 155.629	
3.91	0 0 141.83	
3.92	0 0 128.027	
3.93	0 0 114.234	
3.94	0 0 100.465	
3.95	0 0 86.7326	
3.96	0 0 73.0511	
3.97	0 0 59.4334	
3.98	0 0 45.8925	
3.99	0 0 32.441	
4	0 0 19.0917	
4.01	0 0 5.85671	
4.02	0 0 -7.25175	
4.03	0 0 -20.2219	
4.04	0 0 -33.0421	
4.05	0 0 -45.701	
4.06	0 0 -58.1877	
4.07	0 0 -70.4913	
4.08	0 0 -82.6014	
4.09	0 0 -94.5078	
4.1	0 0 -106.201	
4.11	0 0 -117.67	
4.12	0 0 -128.908	
4.13	0 0 -139.904	
4.14	0 0 -150.65	
4.15	0 0 -161.138	
4.16	0 0 -171.36	
4.17	0 0 -181.308	
4.18	0 0 -190.976	
4.19	0 0 -200.356	
4.2	0 0 -209.442	
4.21	0 0 -218.228	
4.22	0 0 -226.707	
4.23	0 0 -234.875	
4.24	0 0 -242.726	
4.25	0 0 -250.257	
4.26	0 0 -257.461	
4.27	0 0 -264.336	
4.28	0 0 -270.878	
4.29	0 0 -277.084	
4.3	0 0 -282.951	
4.31	0 0 -288.476	
4.32	0 0 -293.657	
4.33	0 0 -298.493	
4.34	0 0 -302.982	
4.35	0 0 -307.123	
4.36	0 0 -310.915	
4.37	0 0 -314.359	
4.38	0 0 -317.454	
4.39	0 0 -320.2	
4.4	0 0 -322.599	
4.41	0 0 -324.651	
4.42	0 0 -326.358	
4.43	0 0 -327.722	
4.44	0 0 -328.744	
4.45	0 0 -329.427	
4.46	0 0 -329.775	
4.47	0 0 -329.788	
4.48	0 0 -329.472	
4.49	0 0 -328.83	
4.5	0 0 -327.865	
4.51	0 0 -326.582	
4.52	0 0 -324.985	
4.53	0 0 -323.079	
4.54	0 0 -320.869	
4.55	0 0 -318.361	
4.56	0 0 -315.559	
4.57	0 0 -312.469	
4.58	0 0 -309.098	
4.59	0 0 -305.452	
4.6	0 0 -301.537	
4.61	0 0 -297.359	
4.62	0 0 -292.925	
4.63	0 0 -288.244	
4.64	0 0 -283.32	
4.65	0 0 -278.163	
4.66	0 0 -272.779	
4.67	0 0 -267.176	
4.68	0 0 -261.362	
4.69	0 0 -255.344	
4.7	0 0 -249.132	
4.71	0 0 -242.732	
4.72	0 0 -236.154	
4.73	0 0 -229.405	
4.74	0 0 -222.495	
4.75	0 0 -215.431	
4.76	0 0 -208.222	
4.77	0 0 -200.877	
4.78	0 0 -193.405	
4.79	0 0 -185.814	
4.8	0 0 -178.113	
4.81	0 0 -170.311	
4.82	0 0 -162.417	
4.83	0 0 -154.439	
4.84	0 0 -146.387	
4.85	0 0 -138.268	
4.86	0 0 -130.093	
4.87	0 0 -121.869	
4.88	0 0 -113.606	
4.89	0 0 -105.312	
4.9	0 0 -96.995	
4.91	0 0 -88.6645	
4.92	0 0 -80.3286	
4.93	0 0 -71.9958	
4.94	0 0 -63.6743	
4.95	0 0 -55.3723	
4.96	0 0 -47.098	
4.97	0 0 -38.8594	
4.98	0 0 -30.6642	
4.99	0 0 -22.5204	
5	0 0 -14.4354	
5.01	0 0 -6.41693	
5.02	0 0 1.52782	
5.03	0 0 9.3916	
5.04	0 0 17.1673	
5.05	0 0 24.8482	
5.06	0 0 32.4273	
5.07	0 0 39.8983	
5.08	0 0 47.2546	
5.09	0 0 54.4901	
5.1	0 0 61.5988	
5.11	0 0 68.5748	
5.12	0 0 75.4125	
5.13	0 0 82.1063	
5.14	0 0 88.6511	
5.15	0 0 95.0419	
5.16	0 0 101.274	
5.17	0 0 107.342	
5.18	0 0 113.242	
5.19	0 0 118.97	
5.2	0 0 124.522	
5.21	0 0 129.893	
5.22	0 0 135.081	
5.23	0 0 140.082	
5.24	0 0 144.893	
5.25	0 0 149.511	
5.26	0 0 153.933	
5.27	0 0 158.158	
5.28	0 0 162.181	
5.29	0 0 166.003	
5.3	0 0 169.62	
5.31	0 0 173.031	
5.32	0 0 176.235	
5.33	0 0 179.231	
5.34	0 0 182.018	
5.35	0 0 184.594	
5.36	0 0 186.961	
5.37	0 0 189.117	
5.38	0 0 191.062	
5.39	0 0 192.796	
5.4	0 0 194.321	
5.41	0 0 195.636	
5.42	0 0 196.742	
5.43	0 0 197.64	
5.44	0 0 198.332	
5.45	0 0 198.818	
5.46	0 0 199.101	
5.47	0 0 199.182	
5.48	0 0 199.063	
5.49	0 0 198.746	
5.5	0 0 198.233	
5.51	0 0 197.528	
5.52	0 0 196.631	
5.53	0 0 195.548	
5.54	0 0 194.279	
5.55	0 0 192.829	
5.56	0 0 191.2	
5.57	0 0 189.397	
5.58	0 0 187.422	
5.59	0 0 185.28	
5.6	0 0 182.973	
5.61	0 0 180.507	
5.62	0 0 177.885	
5.63	0 0 175.112	
5.64	0 0 172.19	
5.65	0 0 169.126	
5.66	0 0 165.924	
5.67	0 0 162.587	
5.68	0 0 159.122	
5.69	0 0 155.532	
5.7	0 0 151.822	
5.71	0 0 147.997	
5.72	0 0 144.063	
5.73	0 0 140.024	
5.74	0 0 135.886	
5.75	0 0 131.652	
5.76	0 0 127.33	
5.77	0 0 122.924	
5.78	0 0 118.438	
5.79	0 0 113.879	
5.8	0 0 109.252	
5.81	0 0 104.562	
5.82	0 0 99.8138	
5.83	0 0 95.0136	
5.84	0 0 90.1664	
5.85	0 0 85.2774	
5.86	0 0 80.3521	
5.87	0 0 75.3957	
5.88	0 0 70.4134	
5.89	0 0 65.4106	
5.9	0 0 60.3924	
5.91	0 0 55.3639	
5.92	0 0 50.3304	
5.93	0 0 45.2969	
5.94	0 0 40.2685	
5.95	0 0 35.25	
5.96	0 0 30.2465	
5.97	0 0 25.2627	
5.98	0 0 20.3036	
5.99	0 0 15.3737	
6	0 0 10.4778	
6.01	0 0 5.62032	
6.02	0 0 0.80581	
6.03	0 0 -3.96136	
6.04	0 0 -8.67689	
6.05	0 0 -13.3366	
6.06	0 0 -17.9364	
6.07	0 0 -22.4722	
6.08	0 0 -26.9402	
6.09	0 0 -31.3366	
6.1	0 0 -35.6577	
6.11	0 0 -39.8999	
6.12	0 0 -44.0598	
6.13	0 0 -48.134	
6.14	0 0 -52.1194	
6.15	0 0 -56.0128	
6.16	0 0 -59.8112	
6.17	0 0 -63.5118	
6.18	0 0 -67.112	
6.19	0 0 -70.609	
6.2	0 0 -74.0004	
6.21	0 0 -77.2839	
6.22	0 0 -80.4573	
6.23	0 0 -83.5185	
6.24	0 0 -86.4656	
6.25	0 0 -89.2968	
6.26	0 0 -92.0103	
6.27	0 0 -94.6047	
6.28	0 0 -97.0785	
6.29	0 0 -99.4305	
6.3	0 0 -101.66	
6.31	0 0 -103.765	
6.32	0 0 -105.745	
6.33	0 0 -107.6	
6.34	0 0 -109.328	
6.35	0 0 -110.93	
6.36	0 0 -112.405	
6.37	0 0 -113.753	
6.38	0 0 -114.974	
6.39	0 0 -116.067	
6.4	0 0 -117.034	
6.41	0 0 -117.874	
6.42	0 0 -118.587	
6.43	0 0 -119.175	
6.44	0 0 -119.638	
6.45	0 0 -119.976	
6.46	0 0 -120.191	
6.47	0 0 -120.284	
6.48	0 0 -120.256	
6.49	0 0 -120.107	
6.5	0 0 -119.84	
6.51	0 0 -119.456	
6.52	0 0 -118.956	
6.53	0 0 -118.342	
6.54	0 0 -117.616	
6.55	0 0 -116.78	
6.56	0 0 -115.835	
6.57	0 0 -114.784	
6.58	0 0 -113.629	
6.59	0 0 -112.371	
6.6	0 0 -111.014	
6.61	0 0 -109.559	
6.62	0 0 -108.009	
6.63	0 0 -106.367	
6.64	0 0 -104.635	
6.65	0 0 -102.815	
6.66	0 0 -100.911	
6.67	0 0 -98.9252	
6.68	0 0 -96.8601	
6.69	0 0 -94.7189	
6.7	0 0 -92.5043	
6.71	0 0 -90.2193	
6.72	0 0 -87.867	
6.73	0 0 -85.4504	
6.74	0 0 -82.9724	
6.75	0 0 -80.4363	
6.76	0 0 -77.8451	
6.77	0 0 -75.2019	
6.78	0 0 -72.51	
6.79	0 0 -69.7725	
6.8	0 0 -66.9926	
6.81	0 0 -64.1735	
6.82	0 0 -61.3184	
6.83	0 0 -58.4306	
6.84	0 0 -55.5132	
6.85	0 0 -52.5694	
6.86	0 0 -49.6026	
6.87	0 0 -46.6158	
6.88	0 0 -43.6122	
6.89	0 0 -40.5951	
6.9	0 0 -37.5675	
6.91	0 0 -34.5327	
6.92	0 0 -31.4937	
6.93	0 0 -28.4535	
6.94	0 0 -25.4153	
6.95	0 0 -22.3821	
6.96	0 0 -19.3569	
6.97	0 0 -16.3425	
6.98	0 0 -13.3419	
6.99	0 0 -10.358	
7	0 0 -7.39359	
7.01	0 0 -4.45141	
7.02	0 0 -1.53421	
7.03	0 0 1.35536	
7.04	0 0 4.21467	
7.05	0 0 7.04118	
7.06	0 0 9.83238	
7.07	0 0 12.5858	
7.08	0 0 15.2992	
7.09	0 0 17.9701	
7.1	0 0 20.5963	
7.11	0 0 23.1757	
7.12	0 0 25.7061	
7.13	0 0 28.1855	
7.14	0 0 30.6119	
7.15	0 0 32.9834	
7.16	0 0 35.2982	
7.17	0 0 37.5546	
7.18	0 0 39.7509	
7.19	0 0 41.8854	
7.2	0 0 43.9568	
7.21	0 0 45.9634	
7.22	0 0 47.904	
7.23	0 0 49.7773	
7.24	0 0 51.5822	
7.25	0 0 53.3173	
7.26	0 0 54.9818	
7.27	0 0 56.5747	
7.28	0 0 58.0951	
7.29	0 0 59.5422	
7.3	0 0 60.9152	
7.31	0 0 62.2136	
7.32	0 0 63.4368	
7.33	0 0 64.5844	
7.34	0 0 65.6559	
7.35	0 0 66.651	
7.36	0 0 67.5695	
7.37	0 0 68.4113	
7.38	0 0 69.1762	
7.39	0 0 69.8643	
7.4	0 0 70.4757	
7.41	0 0 71.0105	
7.42	0 0 71.4689	
7.43	0 0 71.8512	
7.44	0 0 72.1579	
7.45	0 0 72.3894	
7.46	0 0 72.5461	
7.47	0 0 72.6288	
7.48	0 0 72.638	
7.49	0 0 72.5744	
7.5	0 0 72.4389	
7.51	0 0 72.2324	
7.52	0 0 71.9556	
7.53	0 0 71.6097	
7.54	0 0 71.1957	
7.55	0 0 70.7145	
7.56	0 0 70.1675	
7.57	0 0 69.5558	
7.58	0 0 68.8806	
7.59	0 0 68.1433	
7.6	0 0 67.3453	
7.61	0 0 66.4878	
7.62	0 0 65.5725	
7.63	0 0 64.6007	
7.64	0 0 63.5741	
7.65	0 0 62.4941	
7.66	0 0 61.3625	
7.67	0 0 60.1808	
7.68	0 0 58.9507	
7.69	0 0 57.674	
7.7	0 0 56.3524	
7.71	0 0 54.9877	
7.72	0 0 53.5816	
7.73	0 0 52.136	
7.74	0 0 50.6527	
7.75	0 0 49.1336	
7.76	0 0 47.5805	
7.77	0 0 45.9954	
7.78	0 0 44.3802	
7.79	0 0 42.7367	
7.8	0 0 41.0669	
7.81	0 0 39.3728	
7.82	0 0 37.6562	
7.83	0 0 35.9191	
7.84	0 0 34.1635	
7.85	0 0 32.3913	
7.86	0 0 30.6044	
7.87	0 0 28.8048	
7.88	0 0 26.9943	
7.89	0 0 25.175	
7.9	0 0 23.3487	
7.91	0 0 21.5173	
7.92	0 0 19.6827	
7.93	0 0 17.8468	
7.94	0 0 16.0114	
7.95	0 0 14.1783	
7.96	0 0 12.3494	
7.97	0 0 10.5264	
7.98	0 0 8.71108	
7.99	0 0 6.90524	
8	0 0 5.11055	
8.01	0 0 3.3287	
8.02	0 0 1.56134	
8.03	0 0 -0.189907	
8.04	0 0 -1.92345	
8.05	0 0 -3.63774	
8.06	0 0 -5.33125	
8.07	0 0 -7.00249	
8.08	0 0 -8.65002	
8.09	0 0 -10.2724	
8.1	0 0 -11.8683	
8.11	0 0 -13.4364	
8.12	0 0 -14.9754	
8.13	0 0 -16.484	
8.14	0 0 -17.961	
8.15	0 0 -19.4053	
8.16	0 0 -20.8157	
8.17	0 0 -22.1912	
8.18	0 0 -23.5308	
8.19	0 0 -24.8335	
8.2	0 0 -26.0983	
8.21	0 0 -27.3243	
8.22	0 0 -28.5108	
8.23	0 0 -29.6569	
8.24	0 0 -30.7618	
8.25	0 0 -31.825	
8.26	0 0 -32.8457	
8.27	0 0 -33.8233	
8.28	0 0 -34.7574	
8.29	0 0 -35.6473	
8.3	0 0 -36.4927	
8.31	0 0 -37.2932	
8.32	0 0 -38.0483	
8.33	0 0 -38.7579	
8.34	0 0 -39.4216	
8.35	0 0 -40.0393	
8.36	0 0 -40.6107	
8.37	0 0 -41.1358	
8.38	0 0 -41.6145	
8.39	0 0 -42.0468	
8.4	0 0 -42.4328	
8.41	0 0 -42.7724	
8.42	0 0 -43.0659	
8.43	0 0 -43.3134	
8.44	0 0 -43.5151	
8.45	0 0 -43.6713	
8.46	0 0 -43.7822	
8.47	0 0 -43.8482	
8.48	0 0 -43.8698	
8.49	0 0 -43.8472	
8.5	0 0 -43.781	
8.51	0 0 -43.6717	
8.52	0 0 -43.5199	
8.53	0 0 -43.326	
8.54	0 0 -43.0907	
8.55	0 0 -42.8147	
8.56	0 0 -42.4987	
8.57	0 0 -42.1433	
8.58	0 0 -41.7493	
8.59	0 0 -41.3175	
8.6	0 0 -40.8487	
8.61	0 0 -40.3438	
8.62	0 0 -39.8035	
8.63	0 0 -39.2289	
8.64	0 0 -38.6207	
8.65	0 0 -37.9801	
8.66	0 0 -37.3078	
8.67	0 0 -36.605	
8.68	0 0 -35.8726	
8.69	0 0 -35.1116	
8.7	0 0 -34.3232	
8.71	0 0 -33.5083	
8.72	0 0 -32.668	
8.73	0 0 -31.8035	
8.74	0 0 -30.9159	
8.75	0 0 -30.0061	
8.76	0 0 -29.0755	
8.77	0 0 -28.1251	
8.78	0 0 -27.1561	
8.79	0 0 -26.1696	
8.8	0 0 -25.1668	
8.81	0 0 -24.1489	
8.82	0 0 -23.117	
8.83	0 0 -22.0723	
8.84	0 0 -21.016	
8.85	0 0 -19.9492	
8.86	0 0 -18.8732	
8.87	0 0 -17.789	
8.88	0 0 -16.6979	
8.89	0 0 -15.601	
8.9	0 0 -14.4995	
8.91	0 0 -13.3945	
8.92	0 0 -12.2871	
8.93	0 0 -11.1785	
8.94	0 0 -10.0699	
8.95	0 0 -8.9622	
8.96	0 0 -7.85667	
8.97	0 0 -6.75433	
8.98	0 0 -5.65627	
8.99	0 0 -4.56352	
9	0 0 -3.47714	
9.01	0 0 -2.39815	
9.02	0 0 -1.32755	
9.03	0 0 -0.266329	
9.04	0 0 0.784547	
9.05	0 0 1.82413	
9.06	0 0 2.85149	
9.07	0 0 3.86573	
9.08	0 0 4.86596	
9.09	0 0 5.85132	
9.1	0 0 6.82098	
9.11	0 0 7.77412	
9.12	0 0 8.70995	
9.13	0 0 9.62772	
9.14	0 0 10.5267	
9.15	0 0 11.4061	
9.16	0 0 12.2654	
9.17	0 0 13.1037	
9.18	0 0 13.9206	
9.19	0 0 14.7155	
9.2	0 0 15.4876	
9.21	0 0 16.2365	
9.22	0 0 16.9617	
9.23	0 0 17.6627	
9.24	0 0 18.3391	
9.25	0 0 18.9903	
9.26	0 0 19.616	
9.27	0 0 20.2158	
9.28	0 0 20.7895	
9.29	0 0 21.3366	
9.3	0 0 21.8569	
9.31	0 0 22.3501	
9.32	0 0 22.8161	
9.33	0 0 23.2546	
9.34	0 0 23.6654	
9.35	0 0 24.0485	
9.36	0 0 24.4036	
9.37	0 0 24.7309	
9.38	0 0 25.0301	
9.39	0 0 25.3013	
9.4	0 0 25.5445	
9.41	0 0 25.7597	
9.42	0 0 25.947	
9.43	0 0 26.1065	
9.44	0 0 26.2383	
9.45	0 0 26.3425	
9.46	0 0 26.4194	
9.47	0 0 26.469	
9.48	0 0 26.4917	
9.49	0 0 26.4877	
9.5	0 0 26.4572	
9.51	0 0 26.4006	
9.52	0 0 26.3181	
9.53	0 0 26.2101	
9.54	0 0 26.0771	
9.55	0 0 25.9192	
9.56	0 0 25.737	
9.57	0 0 25.531	
9.58	0 0 25.3014	
9.59	0 0 25.0488	
9.6	0 0 24.7737	
9.61	0 0 24.4766	
9.62	0 0 24.158	
