# Gnuplot File : positions of 1 particle(s) Monitored
# 1st Column : time, others : particle(s) number 1 
0.01	0 0 -1000.98	
0.02	0 0 -1002.93	
0.03	0 0 -1005.84	
0.04	0 0 -1009.7	
0.05	0 0 -1014.49	
0.06	0 0 -1020.19	
0.07	0 0 -1026.8	
0.08	0 0 -1034.3	
0.09	0 0 -1042.67	
0.1	0 0 -1051.9	
0.11	0 0 -1061.96	
0.12	0 0 -1072.84	
0.13	0 0 -1084.52	
0.14	0 0 -1096.98	
0.15	0 0 -1110.2	
0.16	0 0 -1124.16	
0.17	0 0 -1138.83	
0.18	0 0 -1154.2	
0.19	0 0 -1170.25	
0.2	0 0 -1186.94	
0.21	0 0 -1204.26	
0.22	0 0 -1222.19	
0.23	0 0 -1240.69	
0.24	0 0 -1259.75	
0.25	0 0 -1279.34	
0.26	0 0 -1299.44	
0.27	0 0 -1320.01	
0.28	0 0 -1341.04	
0.29	0 0 -1362.5	
0.3	0 0 -1384.37	
0.31	0 0 -1406.61	
0.32	0 0 -1429.21	
0.33	0 0 -1452.13	
0.34	0 0 -1475.35	
0.35	0 0 -1498.84	
0.36	0 0 -1522.58	
0.37	0 0 -1546.55	
0.38	0 0 -1570.7	
0.39	0 0 -1595.03	
0.4	0 0 -1619.5	
0.41	0 0 -1644.08	
0.42	0 0 -1668.76	
0.43	0 0 -1693.5	
0.44	0 0 -1718.28	
0.45	0 0 -1743.08	
0.46	0 0 -1767.87	
0.47	0 0 -1792.62	
0.48	0 0 -1817.31	
0.49	0 0 -1841.92	
0.5	0 0 -1866.42	
0.51	0 0 -1890.79	
0.52	0 0 -1915.01	
0.53	0 0 -1939.06	
0.54	0 0 -1962.9	
0.55	0 0 -1986.52	
0.56	0 0 -2009.91	
0.57	0 0 -2033.02	
0.58	0 0 -2055.86	
0.59	0 0 -2078.39	
0.6	0 0 -2100.6	
0.61	0 0 -2122.47	
0.62	0 0 -2143.98	
0.63	0 0 -2165.11	
0.64	0 0 -2185.84	
0.65	0 0 -2206.17	
0.66	0 0 -2226.06	
0.67	0 0 -2245.51	
0.68	0 0 -2264.5	
0.69	0 0 -2283.02	
0.7	0 0 -2301.05	
0.71	0 0 -2318.58	
0.72	0 0 -2335.6	
0.73	0 0 -2352.09	
0.74	0 0 -2368.05	
0.75	0 0 -2383.46	
0.76	0 0 -2398.31	
0.77	0 0 -2412.6	
0.78	0 0 -2426.31	
0.79	0 0 -2439.44	
0.8	0 0 -2451.98	
0.81	0 0 -2463.92	
0.82	0 0 -2475.27	
0.83	0 0 -2486	
0.84	0 0 -2496.12	
0.85	0 0 -2505.63	
0.86	0 0 -2514.51	
0.87	0 0 -2522.78	
0.88	0 0 -2530.42	
0.89	0 0 -2537.43	
0.9	0 0 -2543.82	
0.91	0 0 -2549.58	
0.92	0 0 -2554.71	
0.93	0 0 -2559.22	
0.94	0 0 -2563.11	
0.95	0 0 -2566.37	
0.96	0 0 -2569.02	
0.97	0 0 -2571.05	
0.98	0 0 -2572.47	
0.99	0 0 -2573.29	
1	0 0 -2573.5	
1.01	0 0 -2573.12	
1.02	0 0 -2572.16	
1.03	0 0 -2570.61	
1.04	0 0 -2568.48	
1.05	0 0 -2565.8	
1.06	0 0 -2562.55	
1.07	0 0 -2558.75	
1.08	0 0 -2554.42	
1.09	0 0 -2549.55	
1.1	0 0 -2544.16	
1.11	0 0 -2538.27	
1.12	0 0 -2531.87	
1.13	0 0 -2524.99	
1.14	0 0 -2517.64	
1.15	0 0 -2509.82	
1.16	0 0 -2501.55	
1.17	0 0 -2492.84	
1.18	0 0 -2483.71	
1.19	0 0 -2474.17	
1.2	0 0 -2464.23	
1.21	0 0 -2453.9	
1.22	0 0 -2443.21	
1.23	0 0 -2432.16	
1.24	0 0 -2420.77	
1.25	0 0 -2409.05	
1.26	0 0 -2397.02	
1.27	0 0 -2384.7	
1.28	0 0 -2372.1	
1.29	0 0 -2359.23	
1.3	0 0 -2346.11	
1.31	0 0 -2332.76	
1.32	0 0 -2319.19	
1.33	0 0 -2305.41	
1.34	0 0 -2291.45	
1.35	0 0 -2277.32	
1.36	0 0 -2263.04	
1.37	0 0 -2248.61	
1.38	0 0 -2234.07	
1.39	0 0 -2219.41	
1.4	0 0 -2204.66	
1.41	0 0 -2189.84	
1.42	0 0 -2174.96	
1.43	0 0 -2160.03	
1.44	0 0 -2145.07	
1.45	0 0 -2130.09	
1.46	0 0 -2115.12	
1.47	0 0 -2100.16	
1.48	0 0 -2085.24	
1.49	0 0 -2070.36	
1.5	0 0 -2055.53	
1.51	0 0 -2040.78	
1.52	0 0 -2026.12	
1.53	0 0 -2011.56	
1.54	0 0 -1997.12	
1.55	0 0 -1982.8	
1.56	0 0 -1968.63	
1.57	0 0 -1954.61	
1.58	0 0 -1940.75	
1.59	0 0 -1927.08	
1.6	0 0 -1913.59	
1.61	0 0 -1900.31	
1.62	0 0 -1887.24	
1.63	0 0 -1874.4	
1.64	0 0 -1861.79	
1.65	0 0 -1849.43	
1.66	0 0 -1837.32	
1.67	0 0 -1825.47	
1.68	0 0 -1813.9	
1.69	0 0 -1802.62	
1.7	0 0 -1791.62	
1.71	0 0 -1780.92	
1.72	0 0 -1770.53	
1.73	0 0 -1760.46	
1.74	0 0 -1750.7	
1.75	0 0 -1741.28	
1.76	0 0 -1732.19	
1.77	0 0 -1723.43	
1.78	0 0 -1715.03	
1.79	0 0 -1706.97	
1.8	0 0 -1699.27	
1.81	0 0 -1691.92	
1.82	0 0 -1684.94	
1.83	0 0 -1678.33	
1.84	0 0 -1672.08	
1.85	0 0 -1666.2	
1.86	0 0 -1660.7	
1.87	0 0 -1655.58	
1.88	0 0 -1650.83	
1.89	0 0 -1646.45	
1.9	0 0 -1642.46	
1.91	0 0 -1638.84	
1.92	0 0 -1635.61	
1.93	0 0 -1632.75	
1.94	0 0 -1630.27	
1.95	0 0 -1628.16	
1.96	0 0 -1626.43	
1.97	0 0 -1625.07	
1.98	0 0 -1624.07	
1.99	0 0 -1623.45	
2	0 0 -1623.19	
2.01	0 0 -1623.29	
2.02	0 0 -1623.74	
2.03	0 0 -1624.55	
2.04	0 0 -1625.71	
2.05	0 0 -1627.21	
2.06	0 0 -1629.05	
2.07	0 0 -1631.22	
2.08	0 0 -1633.73	
2.09	0 0 -1636.55	
2.1	0 0 -1639.69	
2.11	0 0 -1643.14	
2.12	0 0 -1646.89	
2.13	0 0 -1650.94	
2.14	0 0 -1655.28	
2.15	0 0 -1659.9	
2.16	0 0 -1664.8	
2.17	0 0 -1669.96	
2.18	0 0 -1675.39	
2.19	0 0 -1681.06	
2.2	0 0 -1686.98	
2.21	0 0 -1693.13	
2.22	0 0 -1699.51	
2.23	0 0 -1706.11	
2.24	0 0 -1712.91	
2.25	0 0 -1719.92	
2.26	0 0 -1727.11	
2.27	0 0 -1734.49	
2.28	0 0 -1742.04	
2.29	0 0 -1749.76	
2.3	0 0 -1757.63	
2.31	0 0 -1765.64	
2.32	0 0 -1773.79	
2.33	0 0 -1782.06	
2.34	0 0 -1790.45	
2.35	0 0 -1798.95	
2.36	0 0 -1807.55	
2.37	0 0 -1816.23	
2.38	0 0 -1824.99	
2.39	0 0 -1833.82	
2.4	0 0 -1842.7	
2.41	0 0 -1851.64	
2.42	0 0 -1860.62	
2.43	0 0 -1869.62	
2.44	0 0 -1878.65	
2.45	0 0 -1887.69	
2.46	0 0 -1896.74	
2.47	0 0 -1905.77	
2.48	0 0 -1914.8	
2.49	0 0 -1923.79	
2.5	0 0 -1932.76	
2.51	0 0 -1941.68	
2.52	0 0 -1950.56	
2.53	0 0 -1959.37	
2.54	0 0 -1968.12	
2.55	0 0 -1976.8	
2.56	0 0 -1985.39	
2.57	0 0 -1993.89	
2.58	0 0 -2002.29	
2.59	0 0 -2010.59	
2.6	0 0 -2018.78	
2.61	0 0 -2026.84	
2.62	0 0 -2034.78	
2.63	0 0 -2042.59	
2.64	0 0 -2050.26	
2.65	0 0 -2057.78	
2.66	0 0 -2065.15	
2.67	0 0 -2072.36	
2.68	0 0 -2079.41	
2.69	0 0 -2086.28	
2.7	0 0 -2092.99	
2.71	0 0 -2099.51	
2.72	0 0 -2105.86	
2.73	0 0 -2112.01	
2.74	0 0 -2117.97	
2.75	0 0 -2123.74	
2.76	0 0 -2129.3	
2.77	0 0 -2134.66	
2.78	0 0 -2139.81	
2.79	0 0 -2144.76	
2.8	0 0 -2149.49	
2.81	0 0 -2154	
2.82	0 0 -2158.29	
2.83	0 0 -2162.37	
2.84	0 0 -2166.22	
2.85	0 0 -2169.85	
2.86	0 0 -2173.26	
2.87	0 0 -2176.43	
2.88	0 0 -2179.38	
2.89	0 0 -2182.11	
2.9	0 0 -2184.6	
2.91	0 0 -2186.87	
2.92	0 0 -2188.91	
2.93	0 0 -2190.71	
2.94	0 0 -2192.3	
2.95	0 0 -2193.65	
2.96	0 0 -2194.78	
2.97	0 0 -2195.68	
2.98	0 0 -2196.36	
2.99	0 0 -2196.82	
3	0 0 -2197.05	
3.01	0 0 -2197.07	
3.02	0 0 -2196.87	
3.03	0 0 -2196.46	
3.04	0 0 -2195.84	
3.05	0 0 -2195.01	
3.06	0 0 -2193.97	
3.07	0 0 -2192.73	
3.08	0 0 -2191.29	
3.09	0 0 -2189.66	
3.1	0 0 -2187.83	
3.11	0 0 -2185.81	
3.12	0 0 -2183.61	
3.13	0 0 -2181.23	
3.14	0 0 -2178.67	
3.15	0 0 -2175.94	
3.16	0 0 -2173.04	
3.17	0 0 -2169.98	
3.18	0 0 -2166.76	
3.19	0 0 -2163.39	
3.2	0 0 -2159.87	
3.21	0 0 -2156.21	
3.22	0 0 -2152.4	
3.23	0 0 -2148.46	
3.24	0 0 -2144.4	
3.25	0 0 -2140.21	
3.26	0 0 -2135.91	
3.27	0 0 -2131.49	
3.28	0 0 -2126.97	
3.29	0 0 -2122.34	
3.3	0 0 -2117.62	
3.31	0 0 -2112.82	
3.32	0 0 -2107.92	
3.33	0 0 -2102.95	
3.34	0 0 -2097.91	
3.35	0 0 -2092.8	
3.36	0 0 -2087.63	
3.37	0 0 -2082.41	
3.38	0 0 -2077.13	
3.39	0 0 -2071.82	
3.4	0 0 -2066.46	
3.41	0 0 -2061.08	
3.42	0 0 -2055.66	
3.43	0 0 -2050.23	
3.44	0 0 -2044.78	
3.45	0 0 -2039.32	
3.46	0 0 -2033.86	
3.47	0 0 -2028.4	
3.48	0 0 -2022.95	
3.49	0 0 -2017.51	
3.5	0 0 -2012.09	
3.51	0 0 -2006.69	
3.52	0 0 -2001.32	
3.53	0 0 -1995.98	
3.54	0 0 -1990.68	
3.55	0 0 -1985.43	
3.56	0 0 -1980.22	
3.57	0 0 -1975.06	
3.58	0 0 -1969.97	
3.59	0 0 -1964.93	
3.6	0 0 -1959.96	
3.61	0 0 -1955.07	
3.62	0 0 -1950.24	
3.63	0 0 -1945.5	
3.64	0 0 -1940.84	
3.65	0 0 -1936.26	
3.66	0 0 -1931.78	
3.67	0 0 -1927.39	
3.68	0 0 -1923.1	
3.69	0 0 -1918.91	
3.7	0 0 -1914.82	
3.71	0 0 -1910.84	
3.72	0 0 -1906.97	
3.73	0 0 -1903.21	
3.74	0 0 -1899.57	
3.75	0 0 -1896.04	
3.76	0 0 -1892.64	
3.77	0 0 -1889.36	
3.78	0 0 -1886.2	
3.79	0 0 -1883.17	
3.8	0 0 -1880.27	
3.81	0 0 -1877.49	
3.82	0 0 -1874.85	
3.83	0 0 -1872.34	
3.84	0 0 -1869.97	
3.85	0 0 -1867.73	
3.86	0 0 -1865.62	
3.87	0 0 -1863.65	
3.88	0 0 -1861.82	
3.89	0 0 -1860.13	
3.9	0 0 -1858.57	
3.91	0 0 -1857.15	
3.92	0 0 -1855.87	
3.93	0 0 -1854.73	
3.94	0 0 -1853.73	
3.95	0 0 -1852.86	
3.96	0 0 -1852.13	
3.97	0 0 -1851.53	
3.98	0 0 -1851.07	
3.99	0 0 -1850.75	
4	0 0 -1850.56	
4.01	0 0 -1850.5	
4.02	0 0 -1850.57	
4.03	0 0 -1850.78	
4.04	0 0 -1851.11	
4.05	0 0 -1851.56	
4.06	0 0 -1852.15	
4.07	0 0 -1852.85	
4.08	0 0 -1853.68	
4.09	0 0 -1854.62	
4.1	0 0 -1855.68	
4.11	0 0 -1856.86	
4.12	0 0 -1858.15	
4.13	0 0 -1859.55	
4.14	0 0 -1861.05	
4.15	0 0 -1862.67	
4.16	0 0 -1864.38	
4.17	0 0 -1866.19	
4.18	0 0 -1868.1	
4.19	0 0 -1870.11	
4.2	0 0 -1872.2	
4.21	0 0 -1874.38	
4.22	0 0 -1876.65	
4.23	0 0 -1879	
4.24	0 0 -1881.43	
4.25	0 0 -1883.93	
4.26	0 0 -1886.5	
4.27	0 0 -1889.15	
4.28	0 0 -1891.85	
4.29	0 0 -1894.63	
4.3	0 0 -1897.46	
4.31	0 0 -1900.34	
4.32	0 0 -1903.28	
4.33	0 0 -1906.26	
4.34	0 0 -1909.29	
4.35	0 0 -1912.36	
4.36	0 0 -1915.47	
4.37	0 0 -1918.62	
4.38	0 0 -1921.79	
4.39	0 0 -1924.99	
4.4	0 0 -1928.22	
4.41	0 0 -1931.46	
4.42	0 0 -1934.73	
4.43	0 0 -1938.01	
4.44	0 0 -1941.29	
4.45	0 0 -1944.59	
4.46	0 0 -1947.88	
4.47	0 0 -1951.18	
4.48	0 0 -1954.48	
4.49	0 0 -1957.77	
4.5	0 0 -1961.04	
4.51	0 0 -1964.31	
4.52	0 0 -1967.56	
4.53	0 0 -1970.79	
4.54	0 0 -1974	
4.55	0 0 -1977.18	
4.56	0 0 -1980.34	
4.57	0 0 -1983.46	
4.58	0 0 -1986.55	
4.59	0 0 -1989.61	
4.6	0 0 -1992.62	
4.61	0 0 -1995.6	
4.62	0 0 -1998.53	
4.63	0 0 -2001.41	
4.64	0 0 -2004.24	
4.65	0 0 -2007.02	
4.66	0 0 -2009.75	
4.67	0 0 -2012.42	
4.68	0 0 -2015.04	
4.69	0 0 -2017.59	
4.7	0 0 -2020.08	
4.71	0 0 -2022.51	
4.72	0 0 -2024.87	
4.73	0 0 -2027.16	
4.74	0 0 -2029.39	
4.75	0 0 -2031.54	
4.76	0 0 -2033.63	
4.77	0 0 -2035.64	
4.78	0 0 -2037.57	
4.79	0 0 -2039.43	
4.8	0 0 -2041.21	
4.81	0 0 -2042.91	
4.82	0 0 -2044.54	
4.83	0 0 -2046.08	
4.84	0 0 -2047.54	
4.85	0 0 -2048.93	
4.86	0 0 -2050.23	
4.87	0 0 -2051.45	
4.88	0 0 -2052.58	
4.89	0 0 -2053.64	
4.9	0 0 -2054.61	
4.91	0 0 -2055.49	
4.92	0 0 -2056.3	
4.93	0 0 -2057.02	
4.94	0 0 -2057.65	
4.95	0 0 -2058.21	
4.96	0 0 -2058.68	
4.97	0 0 -2059.07	
4.98	0 0 -2059.37	
4.99	0 0 -2059.6	
5	0 0 -2059.74	
5.01	0 0 -2059.81	
5.02	0 0 -2059.79	
5.03	0 0 -2059.7	
5.04	0 0 -2059.52	
5.05	0 0 -2059.28	
5.06	0 0 -2058.95	
5.07	0 0 -2058.55	
5.08	0 0 -2058.08	
5.09	0 0 -2057.54	
5.1	0 0 -2056.92	
5.11	0 0 -2056.23	
5.12	0 0 -2055.48	
5.13	0 0 -2054.66	
5.14	0 0 -2053.77	
5.15	0 0 -2052.82	
5.16	0 0 -2051.81	
5.17	0 0 -2050.74	
5.18	0 0 -2049.6	
5.19	0 0 -2048.41	
5.2	0 0 -2047.17	
5.21	0 0 -2045.87	
5.22	0 0 -2044.52	
5.23	0 0 -2043.12	
5.24	0 0 -2041.67	
5.25	0 0 -2040.17	
5.26	0 0 -2038.63	
5.27	0 0 -2037.05	
5.28	0 0 -2035.43	
5.29	0 0 -2033.77	
5.3	0 0 -2032.07	
5.31	0 0 -2030.34	
5.32	0 0 -2028.58	
5.33	0 0 -2026.79	
5.34	0 0 -2024.97	
5.35	0 0 -2023.12	
5.36	0 0 -2021.25	
5.37	0 0 -2019.36	
5.38	0 0 -2017.45	
5.39	0 0 -2015.52	
5.4	0 0 -2013.58	
5.41	0 0 -2011.62	
5.42	0 0 -2009.66	
5.43	0 0 -2007.68	
5.44	0 0 -2005.7	
5.45	0 0 -2003.71	
5.46	0 0 -2001.72	
5.47	0 0 -1999.73	
5.48	0 0 -1997.74	
5.49	0 0 -1995.75	
5.5	0 0 -1993.77	
5.51	0 0 -1991.79	
5.52	0 0 -1989.82	
5.53	0 0 -1987.87	
5.54	0 0 -1985.93	
5.55	0 0 -1984	
5.56	0 0 -1982.09	
5.57	0 0 -1980.19	
5.58	0 0 -1978.32	
5.59	0 0 -1976.47	
5.6	0 0 -1974.64	
5.61	0 0 -1972.83	
5.62	0 0 -1971.05	
5.63	0 0 -1969.3	
5.64	0 0 -1967.58	
5.65	0 0 -1965.89	
5.66	0 0 -1964.23	
5.67	0 0 -1962.6	
5.68	0 0 -1961.01	
5.69	0 0 -1959.46	
5.7	0 0 -1957.94	
5.71	0 0 -1956.46	
5.72	0 0 -1955.02	
5.73	0 0 -1953.62	
5.74	0 0 -1952.26	
5.75	0 0 -1950.94	
5.76	0 0 -1949.67	
5.77	0 0 -1948.44	
5.78	0 0 -1947.25	
5.79	0 0 -1946.12	
5.8	0 0 -1945.02	
5.81	0 0 -1943.98	
5.82	0 0 -1942.98	
5.83	0 0 -1942.03	
5.84	0 0 -1941.13	
5.85	0 0 -1940.27	
5.86	0 0 -1939.47	
5.87	0 0 -1938.72	
5.88	0 0 -1938.01	
5.89	0 0 -1937.36	
5.9	0 0 -1936.75	
5.91	0 0 -1936.2	
5.92	0 0 -1935.7	
5.93	0 0 -1935.24	
5.94	0 0 -1934.84	
5.95	0 0 -1934.49	
5.96	0 0 -1934.19	
5.97	0 0 -1933.93	
5.98	0 0 -1933.73	
5.99	0 0 -1933.58	
6	0 0 -1933.47	
6.01	0 0 -1933.42	
6.02	0 0 -1933.41	
6.03	0 0 -1933.45	
6.04	0 0 -1933.54	
6.05	0 0 -1933.67	
6.06	0 0 -1933.85	
6.07	0 0 -1934.07	
6.08	0 0 -1934.34	
6.09	0 0 -1934.66	
6.1	0 0 -1935.01	
6.11	0 0 -1935.41	
6.12	0 0 -1935.85	
6.13	0 0 -1936.33	
6.14	0 0 -1936.85	
6.15	0 0 -1937.41	
6.16	0 0 -1938.01	
6.17	0 0 -1938.65	
6.18	0 0 -1939.32	
6.19	0 0 -1940.02	
6.2	0 0 -1940.76	
6.21	0 0 -1941.54	
6.22	0 0 -1942.34	
6.23	0 0 -1943.18	
6.24	0 0 -1944.04	
6.25	0 0 -1944.93	
6.26	0 0 -1945.86	
6.27	0 0 -1946.8	
6.28	0 0 -1947.77	
6.29	0 0 -1948.77	
6.3	0 0 -1949.78	
6.31	0 0 -1950.82	
6.32	0 0 -1951.88	
6.33	0 0 -1952.95	
6.34	0 0 -1954.05	
6.35	0 0 -1955.16	
6.36	0 0 -1956.28	
6.37	0 0 -1957.42	
6.38	0 0 -1958.57	
6.39	0 0 -1959.73	
6.4	0 0 -1960.9	
6.41	0 0 -1962.08	
6.42	0 0 -1963.26	
6.43	0 0 -1964.46	
6.44	0 0 -1965.65	
6.45	0 0 -1966.85	
6.46	0 0 -1968.05	
6.47	0 0 -1969.26	
6.48	0 0 -1970.46	
6.49	0 0 -1971.66	
6.5	0 0 -1972.86	
6.51	0 0 -1974.05	
6.52	0 0 -1975.24	
6.53	0 0 -1976.43	
6.54	0 0 -1977.6	
6.55	0 0 -1978.77	
6.56	0 0 -1979.93	
6.57	0 0 -1981.08	
6.58	0 0 -1982.21	
6.59	0 0 -1983.34	
6.6	0 0 -1984.45	
6.61	0 0 -1985.54	
6.62	0 0 -1986.62	
6.63	0 0 -1987.69	
6.64	0 0 -1988.73	
6.65	0 0 -1989.76	
6.66	0 0 -1990.77	
6.67	0 0 -1991.76	
6.68	0 0 -1992.73	
6.69	0 0 -1993.67	
6.7	0 0 -1994.6	
6.71	0 0 -1995.5	
6.72	0 0 -1996.38	
6.73	0 0 -1997.23	
6.74	0 0 -1998.06	
6.75	0 0 -1998.87	
6.76	0 0 -1999.65	
6.77	0 0 -2000.4	
6.78	0 0 -2001.12	
6.79	0 0 -2001.82	
6.8	0 0 -2002.49	
6.81	0 0 -2003.13	
6.82	0 0 -2003.75	
6.83	0 0 -2004.33	
6.84	0 0 -2004.89	
6.85	0 0 -2005.41	
6.86	0 0 -2005.91	
6.87	0 0 -2006.37	
6.88	0 0 -2006.81	
6.89	0 0 -2007.22	
6.9	0 0 -2007.59	
6.91	0 0 -2007.94	
6.92	0 0 -2008.25	
6.93	0 0 -2008.54	
6.94	0 0 -2008.79	
6.95	0 0 -2009.01	
6.96	0 0 -2009.21	
6.97	0 0 -2009.37	
6.98	0 0 -2009.5	
6.99	0 0 -2009.61	
7	0 0 -2009.68	
7.01	0 0 -2009.73	
7.02	0 0 -2009.74	
7.03	0 0 -2009.73	
7.04	0 0 -2009.69	
7.05	0 0 -2009.62	
7.06	0 0 -2009.52	
7.07	0 0 -2009.39	
7.08	0 0 -2009.24	
7.09	0 0 -2009.06	
7.1	0 0 -2008.85	
7.11	0 0 -2008.62	
7.12	0 0 -2008.36	
7.13	0 0 -2008.08	
7.14	0 0 -2007.78	
7.15	0 0 -2007.45	
7.16	0 0 -2007.09	
7.17	0 0 -2006.72	
7.18	0 0 -2006.32	
7.19	0 0 -2005.9	
7.2	0 0 -2005.46	
7.21	0 0 -2005	
7.22	0 0 -2004.52	
7.23	0 0 -2004.03	
7.24	0 0 -2003.51	
7.25	0 0 -2002.98	
7.26	0 0 -2002.43	
7.27	0 0 -2001.86	
7.28	0 0 -2001.28	
7.29	0 0 -2000.68	
7.3	0 0 -2000.08	
7.31	0 0 -1999.45	
7.32	0 0 -1998.82	
7.33	0 0 -1998.17	
7.34	0 0 -1997.52	
7.35	0 0 -1996.85	
7.36	0 0 -1996.17	
7.37	0 0 -1995.49	
7.38	0 0 -1994.8	
7.39	0 0 -1994.1	
7.4	0 0 -1993.4	
7.41	0 0 -1992.69	
7.42	0 0 -1991.97	
7.43	0 0 -1991.25	
7.44	0 0 -1990.53	
7.45	0 0 -1989.81	
7.46	0 0 -1989.08	
7.47	0 0 -1988.35	
7.48	0 0 -1987.63	
7.49	0 0 -1986.9	
7.5	0 0 -1986.18	
7.51	0 0 -1985.46	
7.52	0 0 -1984.74	
7.53	0 0 -1984.02	
7.54	0 0 -1983.31	
7.55	0 0 -1982.6	
7.56	0 0 -1981.9	
7.57	0 0 -1981.2	
7.58	0 0 -1980.52	
7.59	0 0 -1979.83	
7.6	0 0 -1979.16	
7.61	0 0 -1978.5	
7.62	0 0 -1977.84	
7.63	0 0 -1977.19	
7.64	0 0 -1976.56	
7.65	0 0 -1975.93	
7.66	0 0 -1975.32	
7.67	0 0 -1974.72	
7.68	0 0 -1974.13	
7.69	0 0 -1973.55	
7.7	0 0 -1972.99	
7.71	0 0 -1972.44	
7.72	0 0 -1971.9	
7.73	0 0 -1971.38	
7.74	0 0 -1970.87	
7.75	0 0 -1970.38	
7.76	0 0 -1969.91	
7.77	0 0 -1969.45	
7.78	0 0 -1969	
7.79	0 0 -1968.58	
7.8	0 0 -1968.17	
7.81	0 0 -1967.77	
7.82	0 0 -1967.39	
7.83	0 0 -1967.04	
7.84	0 0 -1966.69	
7.85	0 0 -1966.37	
7.86	0 0 -1966.06	
7.87	0 0 -1965.78	
7.88	0 0 -1965.51	
7.89	0 0 -1965.25	
7.9	0 0 -1965.02	
7.91	0 0 -1964.81	
7.92	0 0 -1964.61	
7.93	0 0 -1964.43	
7.94	0 0 -1964.27	
7.95	0 0 -1964.13	
7.96	0 0 -1964.01	
7.97	0 0 -1963.9	
7.98	0 0 -1963.81	
7.99	0 0 -1963.74	
8	0 0 -1963.69	
8.01	0 0 -1963.66	
8.02	0 0 -1963.64	
8.03	0 0 -1963.65	
8.04	0 0 -1963.66	
8.05	0 0 -1963.7	
8.06	0 0 -1963.75	
8.07	0 0 -1963.82	
8.08	0 0 -1963.91	
8.09	0 0 -1964.01	
8.1	0 0 -1964.13	
8.11	0 0 -1964.27	
8.12	0 0 -1964.42	
8.13	0 0 -1964.58	
8.14	0 0 -1964.76	
8.15	0 0 -1964.96	
8.16	0 0 -1965.16	
8.17	0 0 -1965.39	
8.18	0 0 -1965.62	
8.19	0 0 -1965.87	
8.2	0 0 -1966.13	
8.21	0 0 -1966.4	
8.22	0 0 -1966.69	
8.23	0 0 -1966.98	
8.24	0 0 -1967.29	
8.25	0 0 -1967.61	
8.26	0 0 -1967.94	
8.27	0 0 -1968.28	
8.28	0 0 -1968.62	
8.29	0 0 -1968.98	
8.3	0 0 -1969.35	
8.31	0 0 -1969.72	
8.32	0 0 -1970.1	
8.33	0 0 -1970.49	
8.34	0 0 -1970.88	
8.35	0 0 -1971.28	
8.36	0 0 -1971.69	
8.37	0 0 -1972.1	
8.38	0 0 -1972.52	
8.39	0 0 -1972.94	
8.4	0 0 -1973.36	
8.41	0 0 -1973.79	
8.42	0 0 -1974.22	
8.43	0 0 -1974.65	
8.44	0 0 -1975.09	
8.45	0 0 -1975.52	
8.46	0 0 -1975.96	
8.47	0 0 -1976.4	
8.48	0 0 -1976.84	
8.49	0 0 -1977.28	
8.5	0 0 -1977.71	
8.51	0 0 -1978.15	
8.52	0 0 -1978.59	
8.53	0 0 -1979.02	
8.54	0 0 -1979.45	
8.55	0 0 -1979.88	
8.56	0 0 -1980.3	
8.57	0 0 -1980.73	
8.58	0 0 -1981.14	
8.59	0 0 -1981.56	
8.6	0 0 -1981.96	
8.61	0 0 -1982.37	
8.62	0 0 -1982.77	
8.63	0 0 -1983.16	
8.64	0 0 -1983.54	
8.65	0 0 -1983.92	
8.66	0 0 -1984.3	
8.67	0 0 -1984.66	
8.68	0 0 -1985.02	
8.69	0 0 -1985.37	
8.7	0 0 -1985.72	
8.71	0 0 -1986.05	
8.72	0 0 -1986.38	
8.73	0 0 -1986.7	
8.74	0 0 -1987.01	
8.75	0 0 -1987.31	
8.76	0 0 -1987.6	
8.77	0 0 -1987.88	
8.78	0 0 -1988.15	
8.79	0 0 -1988.41	
8.8	0 0 -1988.66	
8.81	0 0 -1988.9	
8.82	0 0 -1989.14	
8.83	0 0 -1989.36	
8.84	0 0 -1989.57	
8.85	0 0 -1989.77	
8.86	0 0 -1989.95	
8.87	0 0 -1990.13	
8.88	0 0 -1990.3	
8.89	0 0 -1990.46	
8.9	0 0 -1990.6	
8.91	0 0 -1990.73	
8.92	0 0 -1990.86	
8.93	0 0 -1990.97	
8.94	0 0 -1991.07	
8.95	0 0 -1991.16	
8.96	0 0 -1991.24	
8.97	0 0 -1991.31	
8.98	0 0 -1991.36	
8.99	0 0 -1991.41	
9	0 0 -1991.44	
9.01	0 0 -1991.47	
9.02	0 0 -1991.48	
9.03	0 0 -1991.48	
9.04	0 0 -1991.47	
9.05	0 0 -1991.46	
9.06	0 0 -1991.43	
9.07	0 0 -1991.39	
9.08	0 0 -1991.34	
9.09	0 0 -1991.28	
9.1	0 0 -1991.21	
9.11	0 0 -1991.14	
9.12	0 0 -1991.05	
9.13	0 0 -1990.95	
9.14	0 0 -1990.85	
9.15	0 0 -1990.73	
9.16	0 0 -1990.61	
9.17	0 0 -1990.48	
9.18	0 0 -1990.34	
9.19	0 0 -1990.19	
9.2	0 0 -1990.04	
9.21	0 0 -1989.88	
9.22	0 0 -1989.71	
9.23	0 0 -1989.53	
9.24	0 0 -1989.35	
9.25	0 0 -1989.16	
9.26	0 0 -1988.96	
9.27	0 0 -1988.76	
9.28	0 0 -1988.55	
9.29	0 0 -1988.34	
9.3	0 0 -1988.12	
9.31	0 0 -1987.89	
9.32	0 0 -1987.67	
9.33	0 0 -1987.43	
9.34	0 0 -1987.2	
9.35	0 0 -1986.96	
9.36	0 0 -1986.71	
9.37	0 0 -1986.47	
9.38	0 0 -1986.22	
9.39	0 0 -1985.96	
9.4	0 0 -1985.71	
9.41	0 0 -1985.45	
9.42	0 0 -1985.19	
9.43	0 0 -1984.93	
9.44	0 0 -1984.67	
9.45	0 0 -1984.4	
9.46	0 0 -1984.14	
9.47	0 0 -1983.87	
9.48	0 0 -1983.61	
9.49	0 0 -1983.34	
9.5	0 0 -1983.08	
9.51	0 0 -1982.82	
9.52	0 0 -1982.55	
9.53	0 0 -1982.29	
9.54	0 0 -1982.03	
9.55	0 0 -1981.77	
9.56	0 0 -1981.51	
9.57	0 0 -1981.26	
9.58	0 0 -1981	
9.59	0 0 -1980.75	
9.6	0 0 -1980.51	
9.61	0 0 -1980.26	
9.62	0 0 -1980.02	
